-29782 -31341 1548 -25181 -29252 -29570 22884 22627 22371 22369 21092 28004 32640 27216 29057 -25980 13648 -14394 -16228 15268 14149 15199 -29802 -30588 19253 18505 1807 2312 -24722 -25745 
-14678 -31570 6432 -24158 29422 24228 -26987 -20612 -32657 26498 26975 20590 -32095 22162 32108 -29081 24640 -20026 -16194 -25516 -19060 21313 -28010 -29537 
-16948 -19314 5133 -24684 -14884 21848 -31879 -28035 -28003 -29834 -26768 21585 -26760 -27293 29291 26211 23324 -258 -17731 26959 19523 11062 24409 27496 23625 
-8968 -29077 5125 -26991 -27056 20051 26477 22081 22604 21848 19553 20568 30829 29532 28266 26246 19308 -258 -30047 258 514 12887 5417 13346 19520 14613 6187 4633 25686 3079 9492 1805 12327 8714 -26493 -788 21329 
-1291 31916 1302 -24413 609 32611 28781 14455 -28050 26460 23376 19791 29320 22941 14152 22624 23149 -265 31532 25644 -19273 -22873 15290 28025 18512 10822 11287 7193 -25427 -28594 -26974 
-514 -22140 -31863 -22373 21786 30324 22106 29280 -32653 31366 25690 20302 -32392 -25745 11541 21780 27727 -258 14670 -28617 32118 32360 28005 28011 16184 17187 
-259 -28313 -31343 -26472 7430 -32099 23385 22615 22093 21838 19816 20306 30325 22610 5666 4145 21381 -6152 24726 12079 4882 7702 3333 5392 15153 12609 2060 2331 3616 6952 -29306 -20289 25207 13654 -25474 -9501 19797 5382 3590 4878 2834 3598 3596 2567 2827 4876 
-772 26785 6405 -22888 15900 22104 27487 23642 22613 18263 22102 19538 28285 18803 8767 20035 30291 -258 -14973 -31647 20289 17475 30070 28273 15679 14882 4368 1353 -15948 6197 -32625 
-2568 29790 4369 -29306 1287 22355 23378 23636 22354 21581 21839 21324 29545 29264 14886 21325 24658 -7723 -31634 21580 10018 11558 -20573 -23671 17721 20540 3080 9997 -26717 8979 31084 
-4365 24927 6972 -26472 32129 -31601 31872 28538 27251 24434 24678 23653 23649 19781 8771 19027 19565 -258 31645 19326 17763 11848 27250 25708 13880 23395 1808 271 8978 5157 6670 3872 4908 7188 -18024 
-3615 32657 30089 6262 11353 9320 12403 30311 29030 27238 25706 24164 20361 15995 15723 12377 24407 -27196 8214 15915 13131 24118 14144 15424 14648 14912 5649 16731 -17239 1560 -29499 -25664 -27440 -9272 -6154 -18768 20565 1571 1833 2083 2858 3121 560 2867 2616 561 
-10792 -30594 -28557 -21622 -15724 -17515 -13665 -15463 -15458 -27019 -21367 -25977 -27011 25916 27711 26166 8722 13872 5900 4883 10266 15171 10523 11804 11035 7190 8725 11821 -25449 7963 -32145 -20309 -25980 -19290 -261 -20836 
-11538 -27753 29301 31572 -29578 -27278 -32154 25441 -28549 -26505 -29067 -29586 -29586 31065 26196 25919 25927 23094 20799 17710 17182 16422 13613 14618 10788 9736 9229 2823 24922 
-3636 -24926 -30083 2319 14869 10269 3391 19571 24968 25984 -22650 -21640 -31110 -32383 -23387 24710 28039 11641 18029 20329 14179 4204 9313 5220 7520 7764 6223 7513 -22605 5674 23976 31170 -26668 -17961 -258 -28242 18512 
-14648 -23420 -30072 3846 -26994 29027 28510 26971 25175 23379 22349 20042 22864 15646 -32155 27479 -27514 -27767 31865 12038 22074 25946 -28010 30548 18474 15135 15388 19545 
-15891 -27696 31862 2056 23393 10793 13101 13860 14619 12609 16422 16150 17445 23395 21578 -258 30596 25968 -24132 -22121 30102 20575 28551 -24708 9316 5922 3618 8452 9760 4899 -25175 12582 27986 -13142 -10273 26760 13088 2564 5121 5904 6402 4638 6145 6913 5894 4610 
-9802 -7022 25992 1295 21348 8232 12857 11578 10552 11577 15672 15415 22357 27229 27320 -258 -30079 30039 -21888 -31625 -28539 27482 25162 26455 265 2622 -23098 5147 3350 524 31853 5172 -14741 -264 -258 25967 8761 2603 817 3634 1595 818 3378 568 6194 10546 
-20049 -22608 29273 4360 25693 10261 14893 17204 26199 17712 21336 19786 21322 23388 25953 -258 27236 23137 -26459 27500 -31875 23133 20302 4634 7692 3852 -514 4355 6158 4618 3076 7955 -258 -258 
-20003 -17948 20558 2563 23140 4359 12611 11794 15199 16712 13118 18483 19039 24424 24682 -258 31881 23401 -22566 27518 -31360 29319 16456 25968 6440 21320 -31572 2305 4871 1801 2853 8468 -2311 -258 -258 
-9814 -8523 17509 1052 21852 11291 11831 11069 17732 13127 25918 20046 21586 21605 19605 -258 28594 2343 10034 10562 13380 17989 14200 -10083 8231 15693 20563 -10272 -16477 1033 6413 1564 6982 15777 30462 6944 3866 799 289 291 8512 7483 12094 9275 8761 12845 
-22111 -21590 24388 4879 23109 2319 15915 14637 20811 15150 15930 21572 20038 23646 -1586 -258 -19568 11301 15919 18491 18490 19259 18238 32657 23896 10019 11542 -16721 -32652 2564 2051 1284 2308 2820 4097 7973 28281 1282 514 1027 20792 20287 29527 
-21809 -20771 18743 1803 15160 8509 12604 12089 12577 13871 10533 12871 19794 23647 19810 -258 -26505 11306 15150 18216 20536 16957 15669 30635 -26199 15715 9016 521 1793 1294 1819 787 1305 516 24176 14418 10841 2313 264 1303 790 1068 1075 3372 4099 15938 
-11097 -9811 14187 532 7750 25666 11833 13886 27724 20047 28739 14955 19293 21599 15571 -258 27046 12600 14927 -10397 23385 16726 13903 -31397 -26738 32379 14650 524 3095 3853 775 1546 1028 527 23628 4895 8989 5658 6666 3088 9996 9485 9741 10508 11785 15371 
-23129 -21073 26967 3854 5639 27231 15412 15410 16952 16951 20295 29505 23115 23649 26467 -258 -21861 15153 19264 20809 21581 21324 24150 23139 31873 30065 15178 2308 9513 3334 1796 5637 1800 1538 25966 12070 31874 
-22316 -21293 22625 8024 1290 26725 -29870 16460 13359 14134 16462 31850 27526 24417 24671 -258 -26501 12608 14889 17705 18723 20276 10288 3894 22894 26969 9556 21588 8254 14383 2310 19263 2568 260 5239 13103 24929 1556 4650 4166 5163 5950 6194 6442 7722 8737 
-12121 -10830 27508 29491 3848 28800 16707 -26000 24382 16961 9558 24659 -24212 24670 24747 -258 -31315 14130 6733 15444 9555 11605 8239 9999 2826 20316 15930 9021 6147 -29110 7184 21334 7439 7938 22075 9760 25464 8966 16661 20501 16917 
-22106 -20820 -29586 28791 4869 30052 20505 30582 25715 16689 19775 16431 28287 22616 24163 -258 -22136 14135 12844 17733 21839 21836 5912 1544 13360 14669 14892 28523 1025 11299 2051 12069 771 258 22355 14903 -24417 2316 5401 5403 6936 5406 5909 6938 7965 6949 
-23083 -23579 28622 -25944 2055 24684 11051 -26758 15155 13376 10073 23628 -10598 21079 24926 -258 -25184 15157 13613 17194 19775 18994 17211 18253 796 19291 777 26212 513 785 771 516 541 769 12667 7475 -24954 4909 8009 9036 8279 8530 10330 9550 11079 10069 
-12894 -9549 -7025 -25425 530 27499 6289 26469 23169 22862 25956 17221 29914 18258 23447 -258 -26184 18482 8512 12362 6476 10318 15938 7514 1799 5411 1796 278 -21336 2824 3601 7706 10004 8469 -17437 24652 15145 9484 13592 20246 15901 21801 19238 23593 
-23136 -20565 -24396 -27017 4358 24664 13867 22856 22601 22877 24653 19771 -18020 14392 27489 -258 -16481 11055 20050 21079 27232 21566 19517 7693 1798 2564 1026 26466 29280 11308 11311 -28261 -28511 
-23865 -21282 -15372 26715 2309 22894 16676 13865 28792 31413 22882 17010 -25713 15501 28534 -258 -25362 -29004 28555 30841 26222 20826 20322 20055 19538 11062 17979 
-12383 -11350 -6469 18809 2319 26975 13156 17793 19041 -29847 23930 32321 20363 23798 -31609 -258 -5441 -22400 -32156 27219 22098 22090 20821 22339 22848 
-25444 -22880 -20300 26443 4108 24407 18225 12340 16954 16702 -28789 14408 21062 22086 25446 -258 -11801 32135 26481 24414 22872 21844 22873 21059 23382 18246 
-25902 -23341 -19488 17459 2822 20023 10021 30022 16182 21584 12093 15684 24400 19553 25958 -258 -3078 -31628 18011 21607 21575 21843 25192 19516 -12056 21845 26687 -27523 
-14181 -15196 -9299 15455 4879 12377 8210 1885 23630 28001 19022 14399 31574 26204 -32151 -258 -3155 -27793 21310 21317 21581 16194 18498 20166 21082 -19062 15186 23732 27266 11285 29524 -10595 
-24931 -22873 -21333 23872 4870 16943 12823 15109 17995 16958 15153 15919 24348 23895 25442 -258 22099 29305 -16401 -12815 27994 -30052 -23378 -14703 -14165 29553 -5740 30806 
-23602 -22831 -21547 16921 1032 3078 13095 9489 7200 11053 11053 12078 23646 20041 24684 -6046 23412 29568 -1026 -1026 -24699 -25435 -22862 -29012 6743 -22359 18716 10819 26204 10552 24184 -24625 -26168 -29763 
-9051 -13143 -10325 19291 12292 785 8759 5414 4660 12588 20559 10038 21359 9567 -32394 -270 -28287 24920 22602 23096 26459 21076 26444 22512 13395 22066 10289 19773 25478 16942 31321 -13157 -12911 
-21847 -21586 -20561 26692 8500 5893 14906 11045 10279 11807 12580 20303 21080 19525 27248 -10264 -30326 25191 23641 17487 19536 18253 18513 -12380 21309 16459 8758 27722 -30868 14392 23645 -20305 
-20255 -20266 -21796 24492 19272 1025 17230 9000 8993 11299 8225 19527 29592 16963 23630 30602 23634 28017 29558 28255 25209 21861 19025 2406 22827 21868 13870 12359 28504 14924 20853 -25435 
-8016 -5967 -9296 -14220 28522 1811 17479 7467 10542 11825 5930 15434 -28290 13118 -32661 29040 -32388 31614 31107 25431 24914 22093 20800 27336 8560 19542 19390 19862 23410 20791 32342 
-19529 -19275 -17990 -22338 30300 3077 19774 11303 10531 12331 10534 15929 -32624 17199 27761 22104 25177 25972 29303 20049 17219 15171 14133 -19593 24390 18509 22090 -29849 24153 15422 22358 -28280 
-18718 -18975 -17689 -14363 22852 1796 15680 10001 8477 17719 8999 11575 23892 12321 24896 22858 22338 22854 23096 13120 19492 15676 11808 1026 18979 13340 8247 11014 26186 16452 21610 -28015 -30600 -32394 -32412 30829 29030 
-6987 -7497 -5445 -3377 16518 2061 19273 4654 3376 14911 8493 9516 15264 5177 -3921 -3924 -7263 -11634 -13682 -16289 -19856 -22427 -21421 -29998 12889 15935 13086 1100 18534 20290 31834 -17489 -30305 32158 30871 
-18759 -17222 -14910 -11303 -30628 2569 19785 10010 11308 12072 12331 10525 9771 17728 -31102 -29301 31608 29546 -24162 -24938 -24938 -26998 -28787 -29559 -27519 -30844 -30341 -29572 28767 18758 
-16403 -13591 -11282 -6671 21840 3074 22123 16693 16443 15430 15416 14391 13106 12584 23412 20844 18998 19012 19503 18763 -23904 17466 19493 16150 16399 12555 11287 10784 22073 11053 14674 21107 19552 16466 13399 10289 4624 17728 
-4160 -4145 -3614 -1289 20870 23721 17720 16450 12856 15180 14421 10831 8269 7000 20586 28046 13181 12648 21358 16485 19625 12115 10845 9832 8790 4430 6738 15933 14412 10277 18751 24402 -18804 21806 15929 6692 1036 6979 14939 16221 28044 -28260 27296 -24147 -28488 -24654 
-13619 -7200 -1546 -258 -25494 -13177 -13944 -22934 -19086 -18827 -21656 -28323 -30895 -30637 -23664 -22602 30276 25399 26167 25652 24893 24116 24114 
-13583 -8720 -2054 -258 -29353 29276 -26170 -31855 32144 29566 21880 22866 20817 16444 -32653 -16394 11521 18236 1542 2311 4871 5145 29074 4917 22132 32163 26692 21528 13878 16163 14387 15148 13632 14104 11805 13326 10007 7183 14615 19784 
-3639 -3867 -258 -258 -23112 9220 -27206 16269 -32629 31099 -26254 31584 31586 -31642 7801 11885 6718 21329 14603 5898 3344 4624 -24687 -17843 -18328 -19075 17743 9562 -29249 10813 10299 5696 7481 8507 14400 9787 10560 2860 4421 17761 28549 32656 -32364 
-14909 -6424 -258 -258 -19067 1806 -21351 15367 -32386 31592 -25998 -27786 21830 25185 28229 5132 11038 13364 2313 4360 6167 4374 -23404 -23641 -27496 -30063 25936 20793 -2345 14376 14888 15141 14890 14375 15146 15657 15652 9502 16425 22599 31085 
-16142 -6416 -258 -258 -19266 16209 -26457 1293 -22061 27522 -28778 -22600 27741 23156 15923 2066 9542 14410 12869 21606 22373 25745 -18969 -3338 4952 -32332 15938 17447 -10836 1074 8471 4354 4885 3329 5377 6658 4614 5121 5655 4358 5385 6917 11526 12551 27225 -23390 
-5447 -3880 -259 -258 -516 31897 4743 268 -14646 -32275 25709 22892 20900 21342 12923 12825 15153 22862 27216 31072 -21879 -28014 -294 -6235 -11625 -22635 13640 12902 -12574 -23447 
-20039 -12844 -1543 -258 -515 -17014 21828 4365 -2315 -12137 -19336 -20071 -32137 25687 31547 7954 12332 17741 22358 24413 -21343 -20833 -258 -30086 -30596 -11614 
-20770 -14863 -6159 -258 -258 24411 2567 7533 -17252 -29037 -31607 28534 17504 21086 19249 4640 11580 19817 28279 -29072 -22083 -23129 -258 -25697 -25469 31562 -20052 
-11871 -4428 -3634 -2060 -258 12200 1309 25148 -22545 30580 28865 30404 20812 25946 5759 3881 15407 23628 27261 -32364 -29808 -26238 -4384 -30043 32413 7945 -22874 23879 25432 
-25951 -22612 -17219 -9765 -771 -30892 2565 18004 -21954 -30825 -29560 23390 20536 23881 -32687 11537 12336 18767 -32658 -27769 -28783 29552 -19010 -29573 -28278 1809 -15180 
-25916 -24874 -20768 -16407 -7698 20790 1793 24168 25741 26766 20324 30802 14405 17199 15625 7438 11578 18782 21103 26196 26746 28827 -18186 -1033 27826 4126 -25475 -23920 -19294 
-14449 -12138 -8544 -6478 -5182 18290 1033 25431 -29852 31123 20646 17565 11330 21063 12134 12085 16436 21835 30296 28060 31328 -27278 -6221 -12124 -26649 -30160 -30887 
-30059 -28522 -25954 -23895 -21072 23613 1031 20806 15400 23851 25154 31054 14898 20514 21552 14360 11560 17734 22104 -24461 -16764 29556 -20561 -11049 -11035 -10036 -8492 -14149 
-26677 -27705 -26427 -24876 -21556 16664 1795 16449 9241 8480 7216 11289 10275 10544 11795 9985 10537 18517 22384 25215 -23648 -26202 -9234 -28493 -14633 -22355 26741 -12587 -21607 -1819 -258 2312 -258 9996 5915 4617 5890 6661 7688 6659 9234 9481 11543 11027 11777 12298 
-16254 -20854 -13941 -11884 -12649 9050 1802 13887 3603 10025 5414 6691 3622 3374 6716 2874 12585 19778 27990 -31642 -21319 -23113 -8475 -24192 -7943 -26754 16523 -26701 32710 -25399 -25602 -2852 -258 30028 9264 3377 2093 572 3385 1341 2882 840 2891 4425 5195 7502 
32386 -31094 -30315 -30060 -28010 20523 5130 14639 21066 9751 7959 9758 8476 6934 14106 14097 3074 8199 21840 25698 -20071 -19039 -7980 -25186 30587 -29051 -31126 24877 2575 13317 -21630 -258 -258 -22891 13610 10514 10517 12302 13847 13583 13585 14614 15388 16153 16157 15642 
-32066 -30788 -28733 -27959 -27706 6523 5134 9247 12334 6690 4121 6926 3855 5131 6677 8449 1281 5141 1538 1839 11805 26648 30467 32036 21312 28695 23303 12040 5139 5381 27735 -258 -1040 -7952 10003 9511 5121 5122 4609 5129 6674 5128 5906 7437 6927 6918 
-18565 -18303 -10622 -13693 -13174 -26811 4890 5418 5656 8990 8479 2860 8996 1064 11822 3125 288 553 13167 -12344 -15425 12643 23202 21647 -21568 -24371 -18989 -21809 -26709 13161 -30879 30309 22882 -258 555 13356 4917 304 2868 2615 9268 5940 824 835 318 317 
29308 32387 32651 -30580 -30834 30085 12825 16171 11037 9501 9237 9751 5906 10510 11278 16148 16416 7697 -16717 -14919 -15436 22827 -14142 28764 23317 -16730 -20844 -23671 15417 30813 -18529 -18529 30576 -258 16693 
32176 32695 -31056 -30016 -28472 -28463 5893 13586 10271 10030 11832 11819 11279 10510 11559 10773 7444 9501 7710 8209 9518 15761 15176 24984 -29307 -31885 29823 -32411 16468 18228 -25953 -22885 30013 28229 -26201 7723 7457 4872 3590 2833 4361 3590 4359 4871 5380 5663 
-19339 -18563 -18558 -14713 -11892 -23930 -20383 -17534 -21630 -19848 -17281 -18302 -14208 -16260 -16260 -16774 -29624 19780 15941 15757 12134 23989 -26436 26568 -32288 30670 
31108 -32377 -30830 -28780 -28522 27475 -17453 -17711 -17198 -16696 -18493 -17984 -18498 -18241 -17992 -19530 21306 25686 -32650 -23393 27983 -7315 -6520 
-30016 -27705 -26161 -25132 -23069 6927 15147 14874 13325 14119 12054 12552 13072 12811 12036 6923 20497 -15368 30815 32359 21574 -21329 -17730 -13659 -11087 -8277 -17261 -12362 24966 4141 24390 26708 21322 23638 -258 
-13941 -9582 -8549 -3162 -18570 12359 779 13876 3902 3652 8275 2152 608 4700 4477 324 11354 6743 19573 24685 10331 -20529 -25134 -21799 -24865 -26666 -28455 29887 -15497 9772 8024 10849 15700 14959 -258 -24653 4406 7473 3890 1074 560 2605 309 310 5945 5171 
-26203 -23895 -21326 -18752 3587 7948 11304 1293 11549 12325 13346 13354 11564 12593 12581 20511 10520 11810 12838 10265 11026 27184 -23440 30269 25882 18195 11539 -17250 -20354 10518 3598 8226 8482 15673 -258 -7200 12314 13609 11533 13839 12045 12820 11805 14617 13329 13586 
-19217 -15627 -12815 -10512 4613 17420 10557 18211 23143 8717 13092 12066 13100 10507 5382 10758 3603 2317 2831 3851 3860 9231 24127 1025 513 1283 769 771 1033 4147 3083 6449 5914 14122 -258 -258 2581 10508 3588 4098 2561 4097 4609 4609 3591 6146 
-3395 -3637 -3879 -9856 11585 2054 16953 14667 10795 12584 31081 7218 15433 3099 3116 10330 1040 2321 4885 7948 24885 -22225 -22999 6153 5898 4873 2311 1539 515 22568 22029 14604 8721 16423 -258 -258 -32190 10554 8506 2870 2097 3375 567 1848 3388 5176 
-10018 -6678 -5138 6415 12085 10526 4368 20309 8989 21318 7191 18005 6158 6931 11549 24369 2570 12846 12318 13866 21322 -31138 25412 22572 16414 20018 18754 9495 6407 13109 12830 13861 17971 -29838 -258 -258 -23912 18732 17189 12813 11282 13838 14094 12564 12819 12816 
-2825 -1285 -514 12836 2832 16191 2315 24951 22599 12057 4378 3075 6182 6437 8484 11318 3607 16974 19038 3637 6663 12829 23663 22391 21082 20044 17982 8970 2079 11783 17965 16249 265 -6032 -258 -258 -13100 3601 11031 3079 2817 4609 3587 4097 4357 4865 
-260 -258 -18822 15219 267 14660 13363 10062 17717 3373 7463 8481 6437 1058 6451 6491 7968 19520 29263 6677 26717 24909 -29070 -28550 29020 29779 22860 -5645 -14637 -24624 -14634 -13347 -11807 -7183 -258 -7939 -260 
-258 -258 5643 22846 7188 12337 23639 9231 10778 10523 12070 9762 8220 7708 6949 23605 9255 18759 21587 -1797 -10805 -10550 -7981 -8235 -8497 -7721 -9264 -15192 -10036 -10809 -10300 -9020 -8750 -7469 -1027 
-258 -258 23329 2593 22615 525 26472 12587 23079 28273 11591 5716 5705 6211 12872 12870 15191 21105 24955 -6428 -10282 -10796 -10026 -11309 -11061 -10285 -10789 -11813 -27248 -23918 -24917 -23392 -21085 
-258 -31126 18072 2318 26460 11820 4699 22671 20842 9278 -7692 -9242 -11290 -8988 -7449 -8986 -8982 -11546 -14360 -23830 -19232 -21285 -19744 -22567 -20009 -18219 -18735 
-258 9996 27465 2819 25441 15149 31116 17225 10014 13601 -7727 -6955 -6182 -9509 -6182 -7208 -6950 -6183 -6177 -25476 -19296 -18267 -17749 -16463 -16213 -15695 -14153 -12606 
-258 22080 3629 21081 1088 -29823 10304 11056 11818 10005 -10273 -8477 -13098 -10778 -9250 -9509 -8220 -8733 -8222 29061 -26229 -25184 -22624 -21585 -20805 -19796 -17994 -14388 -11311 
27214 12185 19804 24674 8477 29529 6449 7220 8244 6962 -10520 -8217 -10521 -9751 -8987 -11035 -7706 -7961 -8732 -8978 -8978 -8472 -11031 -7194 -8984 -8478 -10009 -10012 -13862 
6154 29540 6152 21843 -30829 31616 13613 11823 12333 15914 -9781 -9780 -9009 -8241 -7462 -6689 -4123 -1287 -258 -5407 -11313 -10285 -6948 -5924 -6439 -5924 -6438 -6186 -21091 
21303 2327 20582 20069 18761 18754 16403 15407 12590 9771 -13607 -12849 -12587 -11557 -11045 -8475 -3597 -258 -258 -7713 -8222 -10527 -8740 -9257 -9764 -9252 -10018 
8821 4978 6295 8088 11342 11345 19271 14405 5961 7758 -10535 -12841 -10276 -11810 -5918 -5656 -2825 -258 -258 -5400 -7967 -8219 -8219 -9241 -8733 -10523 -10011 -8989 -31376 -29818 -28524 -23139 
32342 29764 -28577 -28320 -29098 -28315 -29349 -28067 -25765 -29348 -10813 -10291 -9008 -9005 -7721 -5916 -3605 -258 -258 -5409 -6432 -6438 -6696 
16427 6923 7183 13611 13842 14607 17163 15372 16899 15618 11522 5381 4098 -16435 -12334 -21089 -260 25174 -18528 -10531 -10278 -10024 -10276 -8478 -7191 -5138 -2566 -258 -13880 -10794 -21301 -14895 -11302 
822 11609 19796 15190 20820 14153 18754 14142 9531 17988 6975 2889 1871 -11046 -6422 -3862 -258 -277 -2340 -6173 -10272 -8223 -8734 -6429 -7953 -3597 -259 -258 -271 -10021 -11298 -12832 
1028 21590 1797 10283 22833 23365 19532 16963 19519 17469 14901 14137 22341 -7724 -4377 -258 -258 -2577 -4893 -7462 -9006 -7979 -7205 -5922 -4377 -2319 -770 -258 
6161 20806 14363 16441 -28042 11827 12070 13071 10032 11290 9748 8975 9266 -11317 -6424 -772 -258 -8730 -7456 -10796 -11313 -10809 -9256 -7220 -6954 -5665 -1834 -523 -258 -11054 -11057 -10274 -11814 
20042 7968 13622 16469 20814 -28240 8240 7214 20301 13876 7979 3878 8496 -12838 -259 -258 -258 -6429 -11819 -27425 -27420 29306 31104 24709 -32382 30601 27016 31108 -258 -8223 -6686 
17212 1798 20047 25655 19298 13616 12075 12591 24913 19264 10790 12838 17202 30000 8450 7681 11266 -11582 -16205 -1184 -9524 28775 31341 31598 32106 30047 31078 -32141 -258 -5408 -4378 -2579 
19258 8492 16441 18726 11822 13629 21286 19767 13889 11047 10040 13097 13883 -258 -258 -15420 -16958 -521 -13880 -17470 29043 28502 28787 29054 28786 30830 -31610 -26207 -26233 27491 28779 
15426 20320 25189 14650 15727 16993 4965 14907 16484 10548 12849 20284 5486 -258 -3075 -12582 -11047 -774 -14378 23651 -28541 26493 29056 30084 32124 -32620 -25437 -22599 -24407 28285 28288 
1029 20555 24416 24417 21073 23128 12332 11566 21328 13621 16179 16441 29764 -5665 -10810 -7202 -773 -258 -19062 30325 -19024 -25972 -31374 -29052 -28544 -25978 -22381 -17498 
3589 26985 16439 16430 13102 8767 16959 14130 12082 12609 13880 14638 18987 -16675 -15414 -14647 -7456 -258 18214 -25470 -22852 -23683 32638 -30571 -30073 -28791 -26993 -23642 -24674 -28788 -29058 
29784 23915 14416 20319 18522 20313 18800 13901 8269 30560 13883 6727 7556 -22850 28834 25224 23962 -15374 17794 -23371 -23134 -17182 -30571 -28516 -30312 -28770 -26459 -30040 -30814 
17709 23125 21334 31339 -29562 27745 21077 23117 28791 -26736 15670 18243 -31925 10004 12071 14904 15674 24618 -2319 -22114 -25454 -8217 -26489 -25204 -26484 -24690 -27001 -29822 
23120 20273 20289 26719 19834 19487 18256 -31878 32129 30597 15161 16705 17690 7184 11830 17232 14384 8806 -22080 -18237 -29044 -10608 -28536 -30836 -30315 -31334 -32615 32135 
20102 -28830 15694 18497 17741 23895 17741 23632 14922 7774 12097 11089 11371 6432 13867 24384 32705 -13129 -8215 -7259 -24687 -24353 -25181 -27232 -28016 -27768 -27774 -29307 32391 28039 31890 
21834 29534 22608 29806 30824 -30608 18243 17985 16193 17218 19538 27725 31559 5134 11312 16711 3855 -3087 -13631 -27467 -25713 -8493 -23657 -24947 -27767 -28798 -29821 
-31103 -30107 -31371 -31885 29509 31850 18779 18246 16443 18746 18501 15915 16920 4119 11332 17488 15160 -12386 -6417 -25907 -29013 -13144 -27237 -28772 -28520 32647 -24149 
31868 29306 -32641 -26755 27490 24918 -30833 23934 17750 14406 13644 10093 1390 1295 10789 17972 15919 14177 28524 18120 -25445 3149 -28265 -29558 -30592 32376 32374 30850 29567 29811 23912 23400 
23119 20812 18224 18491 24118 17985 27999 23638 26978 15153 16697 -28841 31812 2824 8735 13877 20841 20296 -4104 -16787 31351 -32402 -22376 -26233 -29051 -29569 -27774 
16503 18506 26966 21595 28010 16203 21082 27507 29554 13887 13629 22072 16672 2315 6709 6678 7959 13878 -258 -7965 25216 -9299 -19007 -24144 -26972 -29544 -28794 -24942 -17475 -30319 28017 
18266 20048 20076 25967 19581 14152 18506 19024 31591 13372 12105 9097 7499 4620 7198 777 1030 9052 -258 -531 -19268 -3339 -1301 -11582 -17489 -20570 -23388 -24139 -23856 31128 22139 25711 25978 
-31880 20809 21064 29796 20291 24646 16433 17714 24658 17975 19257 -32447 10519 5132 3847 2051 1794 22559 -258 -5386 -23916 -3346 -258 -1286 -10544 -16971 -21855 -22638 
-32383 19535 19024 17736 17486 32614 17204 13119 14914 16954 13633 17454 2572 4361 2309 1803 1539 28514 -258 -2564 -28525 -8734 -258 -258 -258 -4112 -24934 -31871 31863 -6679 -1542 
-29823 17235 21074 18510 20562 22634 13128 14399 14658 16973 16234 7812 6415 5901 1036 2058 528 -516 -258 -791 -26470 -7453 -258 -258 -258 -9753 27268 19047 8798 -258 -258 -258 -258 -29066 
-27765 21580 20554 20041 19522 19008 17466 16185 16437 18484 -32437 -29361 5641 4872 2823 2052 8973 -258 -258 -6926 -26470 -9522 -258 -258 -258 29513 16168 10531 13858 -258 -258 -258 
-6935 19531 18771 16713 17481 16198 14909 14399 13870 13887 17446 21800 3335 3087 1793 1025 4099 -258 -258 -2308 -22130 -14129 -258 -258 11843 6697 6931 9516 11053 -258 -258 -258 -258 -515 -5141 -14386 -24902 15935 12079 17717 
32455 22102 21069 19022 17479 18502 16960 14145 12605 14663 8063 10115 1037 3085 266 2569 1834 -3074 -258 -2601 31864 -25907 -258 -22079 8502 7974 3624 2347 11068 -7941 -3588 -16139 -10246 -1794 -5124 -258 -1805 -14942 
19020 19788 20550 19775 16963 19002 16184 15673 15666 18745 31041 25151 10519 5131 1797 3080 10517 -260 -258 30298 9491 30034 -9543 23628 10266 10263 11549 11295 12587 -20345 -18793 -32694 -22138 -11336 -6697 -258 -258 
19798 18767 18254 16454 15432 14925 14400 13630 13094 12603 14611 10260 10250 8730 2305 1549 5662 -1296 -1026 6167 5156 2836 30863 12345 7211 5402 5390 6674 9244 -21879 26465 -25981 -30074 -28534 -18299 -515 -515 -258 -8473 20809 9776 7465 6670 -10604 -258 -258 
23132 20563 20049 19538 17481 15949 15176 11588 10572 14927 3946 3906 3916 3653 3101 3086 4419 -3075 -284 5157 5155 1805 28538 3890 5413 12583 3364 3625 2863 -26390 28044 26543 -31047 -32081 31428 -2312 -771 -1283 -1027 21082 15666 30266 1563 2631 -258 -258 
22607 21323 20808 20291 20805 20800 20796 19255 18999 23617 24626 16923 18720 15394 14364 15900 23599 -4370 -9228 11304 10786 2309 24654 9237 10012 10268 9496 10257 11031 -11867 -30092 -32142 -27016 -31382 -28049 
20017 18481 18751 18975 19239 18483 19242 16424 14374 15137 13850 11552 10780 9993 7191 7956 9236 -28346 -4098 10530 6926 2561 22359 6405 8985 14145 6416 5894 11020 11544 16444 18243 18743 15404 17210 -22119 -2570 -1285 -258 -29754 24423 19521 11279 5901 -258 
16773 7299 14724 13442 10879 7033 8568 5231 4198 4450 9826 3674 3926 4689 5198 10827 1101 592 -561 6691 3602 9232 20064 4390 6957 22863 5929 1058 6949 9762 4397 4650 9518 10283 13876 6234 -3335 -1542 -514 -12090 22888 9787 22076 8993 -13321 -258 
-31921 -32428 32335 31051 30018 26934 25907 23600 22312 22568 21292 20517 20004 20262 19747 15132 15895 15632 -3587 3340 7960 21846 21832 13618 11812 15413 10787 7707 8474 6421 6677 6678 7448 7449 10536 14382 -1557 -1546 -1294 -14672 18483 
12308 11283 10013 8971 8202 6913 5890 4359 3329 9227 8726 11024 12322 12586 10531 2310 2566 3076 -258 2594 8989 -27766 14393 15429 12075 7178 5645 6922 4118 4099 4113 3859 6171 5389 7465 13623 -9271 -4879 -14910 24160 4137 16719 22384 25714 7948 -258 
812 1573 554 1320 551 289 800 534 788 2895 6730 5208 10592 4191 587 525 798 563 -258 8202 7958 -16446 12604 14923 16198 9254 3099 2078 1555 530 3094 1805 6423 2584 8216 15663 32457 -17445 22174 17746 3605 24145 30822 27241 14908 -258 
13872 13869 12838 12074 10784 9245 8217 7186 10260 21291 19749 23603 23343 21551 9488 3847 4626 15643 -258 5647 5400 -12088 14640 15158 19768 13872 11306 6172 5907 5133 4880 4114 5649 5906 4628 12332 -30092 -27538 27991 16440 6417 21074 27755 12588 8726 4877 
17472 16967 15682 15161 14391 13099 12831 10284 20029 10270 8971 4612 4623 3846 4099 1544 2066 6406 -5398 4698 5671 25950 15933 13098 13866 10777 10540 13872 14914 16465 13616 7978 5405 2831 2049 2049 2050 3338 1537 2306 15908 5185 14912 1800 1026 1537 
19792 19788 18244 10308 11588 11324 15167 15432 13917 1374 6988 783 6691 1045 1565 517 3346 3611 1059 3099 6939 9012 16711 10299 12621 8758 9773 14137 16447 17985 12083 5678 3612 2831 781 526 2062 529 522 261 1044 19771 14890 2570 2053 520 
20805 18746 19003 17459 15918 14637 17716 25433 17970 22831 17953 1026 8210 4102 7947 1539 3335 6923 6925 7951 9238 8993 19515 14127 20277 13348 12326 13871 17208 14900 10274 11038 6941 4365 2824 3594 5130 4111 2308 771 2825 15911 7449 4876 4361 3337 
8999 9228 10273 9267 6157 5642 5408 10286 12079 10772 4357 257 770 2568 3334 1543 3616 6190 11329 13117 6178 11336 11600 11815 13348 7970 10284 13379 15423 14401 8495 7953 6422 2331 1795 2573 2562 4631 771 770 1547 2309 6161 3859 2565 1811 
14393 9264 18242 15453 12594 7979 9766 13884 8273 2643 2073 515 263 271 793 4114 15146 18996 23358 21319 12585 21037 15409 8775 10574 8752 12591 13115 19266 19784 15921 8224 5671 4879 781 1041 1299 2593 3340 261 775 1032 2065 3356 1042 6683 
19001 13351 23877 20540 17958 17463 13091 16176 21800 21542 2306 1026 3074 2054 5639 8985 12082 15933 18757 19018 12571 13109 10003 20279 19757 10527 12331 15411 18243 19526 15156 10015 9755 3853 3592 4361 4358 6671 9251 1794 2309 1798 4108 5901 5389 13365 
20270 9234 13093 19001 14654 7734 12098 12083 11018 10010 772 513 770 1026 2059 12088 14671 16983 18277 19049 9531 11327 6180 15154 12070 8488 11050 13880 17230 16719 14139 8739 6671 3332 2821 1802 2571 5140 11818 1025 1537 2316 2822 3334 2827 11296 
9019 9010 5172 8795 16448 6433 11843 7488 6231 3159 524 1031 4620 5141 13603 21302 23359 19012 24907 23629 10541 7470 8221 13137 8766 5928 12594 16697 20300 20554 13879 7975 2337 1294 1559 13617 8468 3358 10553 263 265 528 783 1038 526 6937 
29029 11819 12332 15137 11049 21322 17205 16431 23086 21289 4100 4619 6427 11308 13873 16954 16704 17990 19532 19790 12062 10286 5385 20016 13603 11551 13357 14903 19012 15927 12072 8222 6681 6675 15675 25965 10795 7444 15924 2564 3079 3337 3854 3342 4365 4620 
22855 11827 15668 7968 6954 7992 12346 12094 10781 9740 2307 4385 6450 11593 12873 14425 16222 18274 19560 19041 3606 9244 2313 10025 7462 8491 11827 13638 17232 9519 2855 15427 16954 20551 24678 26749 22090 6690 13868 1027 1046 2830 2057 2051 2320 2314 
18013 14422 12630 8239 11568 14383 14906 10829 8022 3646 3086 9497 11046 15156 20792 23360 23109 26701 29009 20558 10766 8471 7697 6468 5158 10791 8503 16440 22602 6686 5395 25424 22374 24947 30343 30570 20579 3094 11321 1540 522 784 2326 1807 1043 3599 
17730 23125 12835 17451 19776 15154 15661 19247 21798 12055 4105 6425 10018 13618 15161 17474 17993 19790 20304 12856 8998 10805 13881 15140 8219 9002 13361 15164 19526 6667 2824 20562 26452 29540 32364 30822 20029 3598 13368 1288 2825 3339 4876 3341 3342 3345 
11581 22863 10024 14101 21045 11058 12322 10763 11273 5643 1797 7468 10033 13644 15447 18789 18280 20327 19823 10799 12066 13877 21326 14667 6406 9262 12097 15431 17757 1298 1032 23117 19271 21598 23132 28779 4639 3348 11052 1794 2309 3076 3588 3843 2311 2818 
7470 25711 11053 13897 13118 15172 12863 1109 4950 4111 1293 7967 14118 17717 20035 23880 23882 25936 27985 17711 11831 11821 19293 23660 5652 10538 15158 20030 21581 2826 772 16732 18265 18010 16476 30847 9488 8215 1055 1038 1560 777 1804 1294 1297 780 
14632 21327 11817 17195 20804 20811 16432 23596 22317 3338 3845 9247 11564 14904 17215 18758 19016 20302 21329 12591 16186 17491 18485 -31111 29292 15674 12846 15674 18500 2824 4116 21056 26205 23379 17986 31082 18240 
11052 11834 9770 9246 11571 15689 12859 12299 12812 2312 1817 9002 11331 14937 17250 18528 18271 20587 20844 19802 23593 25688 30357 30318 30321 32622 16737 12606 18251 2565 7720 16433 17478 21847 18500 26479 15173 3103 1544 2822 1283 4633 4365 2836 4620 3331 
13364 16190 15156 11567 13624 24149 11332 7263 7257 3345 2833 12324 14643 22844 25671 24650 22861 28498 31573 22873 10305 23151 30058 30573 24964 16539 -25247 31299 26189 778 1560 16215 19029 22375 30580 31609 18758 8747 1030 1292 266 11316 1039 1556 1046 1810 
14128 26725 17214 16697 19522 -32149 17451 22570 22319 3597 5906 8231 13618 13885 18500 19275 19786 21330 21841 21590 10543 24411 22604 29812 31068 -31374 29817 25706 24666 3855 2058 20807 
23907 27769 15162 15918 14887 25456 14379 10255 11017 2567 5914 9515 13626 16208 18269 19810 20063 22380 21614 13348 29794 28500 23898 -32159 22851 29515 30621 25723 24917 8242 4639 23895 24941 23113 21334 30329 24170 
26735 29065 -32167 15695 12871 23923 13398 12122 4684 2572 14112 11813 20536 22590 24136 24653 27723 27477 29524 14644 25715 24949 24184 29836 27989 32397 -25745 -28306 24973 14423 9538 23906 25447 28260 
23115 31575 26720 18231 17202 25165 21795 24113 15647 3592 8221 10280 14136 16188 19019 19529 19789 21588 21845 22097 -28528 -30068 -29559 -29562 32385 -31104 28278 -30077 -30371 
15961 16920 5642 3077 2833 5137 10771 14111 6668 2568 8239 11325 15685 15443 18515 19295 19552 21873 21359 21870 -30801 -31829 -32343 32674 31903 30883 30361 30850 20560 16953 14907 19745 24172 25963 28780 -31343 -31104 
21841 16461 1796 518 2055 6675 6238 6492 1315 6158 10020 14122 21305 19264 24905 25676 28239 29013 27990 31318 -19584 -19587 -21123 -23174 -22920 -23694 -24206 -28797 23916 24931 22867 20309 28019 
19774 19789 1288 1286 2057 5390 23601 22063 3342 3335 8992 11819 16438 16446 19016 19277 19533 21844 21077 23383 -32123 -32639 31870 31612 31609 30327 29047 31602 27232 -30067 26207 
16448 14411 2053 1800 3592 4372 14124 12307 3591 2833 9260 11828 15190 16976 17513 19045 19299 22128 21365 21879 -31565 -31820 32696 31660 31399 31133 30104 31360 28005 30571 23394 14898 15415 32119 26489 21844 -25428 
19534 9002 3849 778 8207 10791 8291 8788 1554 4370 12579 15407 21822 23623 26443 27473 27468 29011 30546 30037 -18556 -18050 -19332 -19845 -22153 -24456 -22926 -27270 29289 26205 26202 15676 11091 -24685 -31622 29805 
21060 5133 2571 3601 5908 17452 25917 22576 4108 5905 10533 12081 15676 17727 18762 19785 20300 21331 21588 23125 -32638 32130 31360 31357 30840 30072 30069 29299 28783 24927 23642 20040 
15947 2057 2828 4364 7981 12563 16928 13335 2573 5657 8254 12349 15956 16476 19303 19305 20321 21608 21108 20860 -31567 -32580 32425 31648 31139 30882 30113 29847 27803 26760 24962 20052 16448 31060 32130 
20308 4361 4367 4878 13098 5725 9065 1876 2832 7192 16423 16948 23100 22599 25164 25423 26446 27988 31829 30813 -20604 -19584 -20356 -21894 -22922 -24459 -21390 -24720 -26260 -29083 -32415 25937 
24652 2568 3338 3333 11806 27190 27709 22569 5645 6162 10278 13617 16701 18500 20302 21067 21582 22361 23125 22616 -31612 -31097 -31611 -32125 -32640 32382 31357 30333 30072 28529 27498 
17745 2053 2313 521 8479 14606 14108 9237 1803 5661 9513 12606 16202 17737 20062 19552 19822 22136 21878 22895 -32077 -30790 -31827 -31827 32681 32423 31910 31388 30104 28051 27527 24934 -30601 -22336 4656 9221 -29343 
20557 4888 8469 10790 14134 5491 7020 3900 1295 7965 11047 17977 21312 21067 24401 25423 28242 27737 31066 30551 -19066 -19577 -21372 -20861 -20610 -21636 -25478 -24455 -27276 -31633 31589 25198 12659 -31796 
22352 18496 14641 17452 -32396 29503 27959 12056 6406 9245 11048 14388 16957 19782 19789 20302 20559 22615 22614 22361 -30841 -31353 -31612 -32383 32129 31869 31351 30325 30068 
21586 19019 16964 19534 -27478 15404 13852 2573 1291 7961 8760 12875 15700 17756 19558 19559 20329 21871 22130 22897 -30031 -30796 -30796 32685 -32597 31908 29823 29320 28778 23895 23380 
11352 15446 18006 -29289 31645 10350 8292 4885 2315 9253 15913 19259 20291 23369 26444 26191 26451 28247 27738 30553 -19836 -19834 -19580 -21375 -22912 -22916 28297 28031 19346 17526 21875 
22600 22858 24901 -14160 31562 28474 25139 5643 2309 10017 10795 15416 17471 18759 19534 20817 22096 22870 22361 22871 -30842 -30329 -31610 32642 -32385 31867 -30874 32619 
19019 22610 -29058 -29550 16439 15382 13354 3357 1288 8747 11327 15438 16459 19035 20067 20579 20841 22137 22639 22645 -30031 -30292 -31316 -32082 -32341 31903 28294 28043 27786 21849 
11341 20586 -23877 12650 8563 12142 8538 4629 3091 13865 16689 22591 21572 24141 25167 26446 24915 31066 30555 27226 -19836 -17785 -19322 -20610 -22144 -23425 31117 -25997 -28815 29019 24658 
14119 18721 -25740 20800 29760 27447 21040 4875 4366 10528 13099 16441 17988 20043 20558 20302 21076 22614 23127 23383 -31350 -31097 -32123 -32382 -28269 -29297 -25976 -32121 
11048 6428 13907 17730 16663 14623 10249 2821 4373 8762 12093 14418 17239 18782 19808 20575 20853 22646 22649 22139 -30283 -30544 -31567 -32343 -16435 -22083 -28526 -25435 -23630 -29031 29571 -30568 22902 
14649 10078 19285 14685 4983 6757 2356 2320 5658 12840 16181 22340 23111 25169 24658 27474 30547 32089 30297 29786 -18809 -19834 -20094 -23425 -11818 -16958 -21327 -21580 -19011 -21081 -30323 -24671 -29845 
14643 26187 21575 24135 28996 26423 7960 3855 6683 11049 14132 17473 18502 20301 20560 20816 21334 22616 22618 23385 -30582 -31354 -31355 32641 -11065 -14668 -19030 -19548 -18008 
13363 22359 18265 16697 16423 14887 2588 2826 7725 10543 13378 17244 18525 20069 21089 20835 22653 22399 22905 23160 -29264 -30545 -31055 -32352 -14385 -19513 -21323 -23370 -22341 -22612 
13370 20071 19541 12392 9325 8552 3106 1038 15393 10286 18490 17479 22861 25681 25941 25684 28503 31577 26972 30045 -18044 -19834 -20606 -20609 -13105 -19773 -19526 -18763 -19017 -18504 -26726 
13361 23881 21831 27453 27711 26173 6924 3338 9251 11053 15159 17984 19529 20815 21838 21585 22614 23383 23383 23897 -31347 -31350 -32122 32641 -12606 -16725 -17493 -18773 -18001 
11315 17717 19522 15902 16420 14116 3596 3334 9775 11066 13901 16988 19297 20836 20831 20589 22125 22649 22904 23671 -29520 -30284 -30796 -32083 -16191 -23113 -19522 -21079 -23127 -21851 -26725 
16699 18518 18521 12145 8043 9309 2838 1807 16679 16689 20542 22343 24140 26196 26967 27989 29527 32088 30811 31581 -19063 -17785 -19584 -21634 -15930 -17480 -18233 -19269 
19261 22344 23883 30530 26941 21040 6415 5393 10279 11819 16186 18753 19785 21329 21842 21328 23127 23128 23127 22874 -31606 -31353 -32638 32383 -15692 -17492 -15955 -17750 
22342 19525 18250 17967 15157 9250 3084 5905 9536 11836 15956 17243 19553 20838 21348 20839 22639 22890 22393 23414 -30539 -30792 -32594 32680 -20040 -21056 -20550 -22082 -23124 16954 
22630 19542 16484 9582 13674 7478 4891 7192 14122 14647 21313 22601 25423 26449 25170 27989 30808 28252 32603 24664 -18553 -18556 -20607 -23176 -16704 -15945 -16449 -17478 -20053 12599 6477 11867 6170 4125 2092 27485 
24667 21834 25414 27710 26685 8973 6409 7455 11306 14385 17728 18503 20558 21329 21588 21331 22616 23131 23385 22606 -31351 -31609 32384 31101 -15179 -19545 -14922 -18002 
20047 17724 16943 15659 15671 3084 2568 8481 11327 13123 16704 17745 20578 21345 21349 21094 22899 23165 23159 20572 -30550 -31567 -32599 32670 -19266 -21566 -19006 -20291 -23121 13353 13863 4364 10780 17959 
16726 17754 11623 10597 12640 1042 1040 8226 16166 16180 18238 20808 25934 26707 26966 27990 29528 31321 31578 24659 -25729 -22655 -22659 -23942 -17473 -15685 -17217 -17474 -19546 12120 19292 2838 12340 17755 
21061 23116 27459 25143 23861 4362 4107 8740 11563 14389 18241 18759 21327 21588 21584 21844 22870 22872 22872 14395 27237 30584 31869 30840 -16726 -16461 -17232 -17236 -22107 
17738 19530 17195 13594 13594 2567 3331 10288 11339 13895 16726 18002 20325 21093 21356 21088 22137 22901 23159 9537 22088 23412 30880 30881 -23633 -20028 -20811 -23122 -23893 12814 18240 4370 5143 17703 
18004 18015 11369 5472 5459 1041 1298 10537 15662 16701 22856 21579 26962 26198 27991 27480 29532 27995 31833 11286 22358 22351 -29069 -23687 -21070 -17990 -17736 -21583 -21594 1586 12356 6178 3629 6732 10818 1048 2058 6161 16416 -10004 
22090 25416 26432 25658 17196 4623 4626 11052 12334 16442 18757 20554 21075 21843 21336 22612 23898 23387 23387 4373 23388 19012 27754 30061 -24186 -22123 -24435 -24172 
19276 19008 16655 17696 10011 4099 5908 11565 12616 16460 17995 19548 21611 21599 23141 22638 22906 22890 22643 4121 22108 25224 27266 26495 22351 28025 29589 31883 -30327 
19032 12902 9062 13685 7972 790 6683 14893 17716 19267 22344 22861 27218 26968 27222 27737 31835 30557 30557 8971 25952 -27284 -30360 -27031 9268 14931 27234 -32644 -29041 6158 8234 14385 20043 25699 29809 29568 
22602 26954 25408 31311 6675 6159 7453 11563 13108 17216 19527 20557 22098 21845 22614 22612 23386 23641 23896 3338 24917 28780 26474 26471 4872 10000 17201 27994 -31368 13364 20299 26720 
19269 18490 16693 18755 3342 3599 8741 11838 14676 17236 17497 19807 21598 21612 21355 21869 23676 23158 22393 2088 23145 28053 26234 25736 2055 2053 3092 19268 32128 25714 30315 32642 
12377 13687 12645 11887 7185 3864 9766 15919 17977 21063 22350 24398 27217 25174 28500 27735 30808 29018 31577 10254 24420 -27542 -30877 -28576 520 776 523 5960 -32631 -31606 -31349 28806 28030 25979 27514 28026 
23885 28483 27971 25666 4874 4880 10283 11312 14907 19273 19787 18256 20306 21588 21843 22358 23129 23641 22870 3595 25691 27243 25190 24162 1796 1287 1287 14901 -30339 -31111 -32658 31594 31336 
19782 16694 14135 15911 3358 4365 11053 13113 15942 18527 20320 20583 20844 21865 21357 22124 23164 22646 22137 1318 23899 26783 26255 24969 1283 2053 1794 10499 29554 28522 28007 26979 26975 27493 27489 
17766 13937 17273 5981 4629 3609 12587 15154 17980 24653 24652 26449 28500 25684 24917 27993 30045 30812 30042 8971 20072 -27285 -27548 -30884 1297 2056 517 811 28542 25978 28796 26236 25213 26494 
27724 28991 31562 20276 5389 5138 12076 13362 15165 19533 20303 21074 21587 21844 21587 22101 23898 22874 23384 2822 26211 27240 25699 23136 3079 2315 2060 7453 31597 32107 31080 32362 32616 
19005 15137 20535 9759 3605 4626 11823 12856 16470 19802 19803 20584 20847 21099 21350 22132 22640 23166 22895 2077 25181 26002 25221 23692 2307 2822 4360 6684 27250 26733 26468 26984 26727 26985 
15220 11625 13686 6705 1556 5912 15157 17975 22593 25423 23120 27732 29015 25944 26963 30813 30556 32347 29019 4363 25699 -28317 -30624 -31399 2056 5895 7442 18207 28029 25979 27002 25468 27771 28795 
30534 28734 32330 19755 4875 5903 12075 13620 17212 20299 21071 21842 22354 22354 22611 23127 24154 23386 23129 11817 19780 27498 25701 24673 5401 4106 10273 12339 -31629 32621 32107 32107 
18224 15150 19260 8990 3605 4622 11321 13642 15952 19545 20327 22374 21615 21607 22365 22387 23670 24437 22646 21350 5649 29334 28050 27532 15447 2049 1549 2053 -30107 30578 30319 29286 29030 27750 29278 
11896 11119 13181 6197 7448 4634 14128 19254 20806 24401 27990 26195 28507 29017 24411 30042 30302 29790 30043 21318 4396 -28044 -27284 -29079 17716 525 2826 1036 24215 28292 27779 24451 25986 24962 
30530 28476 30538 9488 6667 6941 12335 14646 18241 21327 21584 22869 23894 22614 23128 23383 24159 24415 23898 12602 11800 29553 27500 27240 12085 4108 2826 3338 -27262 -32396 -32396 -31375 -32655 -32142 
16939 15135 17440 2843 2839 8472 12345 13898 16981 19558 20849 22118 22126 22119 22363 22630 24696 24175 23415 14146 6930 28811 27025 26759 14387 3331 2565 3077 31834 29297 29280 29286 29277 28774 28774 
12921 6773 7790 6170 4374 9768 14389 19006 22093 24406 27733 25178 28764 28502 23130 27743 32610 29793 31067 16168 4908 -29584 -28564 -31129 18484 277 3855 5143 24719 28546 25986 27011 26244 27009 25729 
31306 28991 26434 5644 7437 11050 14648 16701 19016 21584 21585 23127 23383 22612 22870 23897 25438 24669 24409 9784 10776 28011 28263 25702 15937 6158 5647 10017 -30603 -32398 -31374 -32399 -31888 
18751 16423 14111 3853 4113 12088 14144 16461 19801 21342 21352 22631 22634 21607 21879 23152 24436 23922 22392 12861 4627 27278 26249 24705 19828 5415 10280 14155 29799 29290 29031 29024 28522 
17273 12917 6995 5144 4642 13874 17726 20039 23629 25689 27227 27742 29020 28505 30554 29276 30816 27998 31583 17957 4392 -30105 32101 31835 32592 17965 19271 22608 27278 
30535 28991 15906 7180 9745 13870 15923 18236 20555 22611 24662 23639 24152 22356 21844 23387 24671 24157 23386 10283 10772 25959 24417 23135 22623 15931 22607 25178 -28035 -31377 -32656 
18225 17441 7186 4120 5910 11563 12347 13640 18767 20829 22120 22385 22384 21344 21090 22642 23939 23411 22644 11333 6166 25214 24699 24964 25992 19050 21601 23899 31074 28527 27754 
12654 8812 6703 6966 5436 9799 10562 13641 15696 22099 25689 27738 27225 25942 24920 28765 31837 30815 29531 17446 7724 30561 31584 -29853 -29850 30545 24671 22884 22149 27514 25730 24449 24959 
28221 25148 14100 17701 19246 20783 19759 20018 20282 20815 22099 22867 22097 21840 21584 23381 23899 24154 23383 7454 12062 24160 25442 26988 26990 21851 
14885 14114 5650 11026 12573 12825 12837 12838 14128 19535 21087 20837 19811 20323 20832 21866 22901 22636 22119 7751 13637 25735 27547 28822 28829 24192 21867 18263 22086 26988 25947 26474 27239 26979 
5739 6484 2630 4183 7257 3166 8537 9047 8013 19023 23891 25171 25682 26194 25683 27482 30559 25690 25177 19741 28998 -28825 -25234 -25490 -26513 -31395 28514 21330 13662 29054 23676 24956 24957 
26938 20785 19494 23083 23344 24370 23090 22320 19246 20289 20558 20814 20810 21838 21326 22868 23893 22868 22612 10547 24165 27757 28533 27761 
14621 12316 9238 11286 12048 12316 12309 11291 10516 14915 20057 19550 19297 19803 19551 21612 21867 21873 21612 16484 27021 27793 29835 28048 28046 26248 23394 19035 8475 26733 25945 25948 25426 25688 
8545 7753 6739 6237 4700 5726 11355 8026 6220 16968 23380 24144 23888 23885 21329 28246 28504 27225 26453 29514 -28561 -30611 -31128 -29594 -30359 -31906 28770 22596 4145 28794 21883 23671 21625 
23602 17959 21804 24624 23603 23600 22832 22573 19496 17196 21324 20555 20297 20042 21066 21842 22101 22356 21586 21587 27752 27241 25705 
12322 8981 11540 12317 12569 11804 11804 12320 10518 10287 19029 19026 18529 18521 18527 20586 21102 21106 20579 21871 26761 26255 25734 25990 25216 23938 23419 14154 12326 26212 24401 24129 23625 22857 22858 
9046 3904 6224 3929 6742 8792 4952 5202 5702 8757 22096 21327 24398 22863 25425 28247 27988 27732 26708 27993 -30870 -30874 -32416 -31133 -32415 -31911 31328 20791 11322 24949 20596 15728 15980 18540 18027 17255 
21549 17187 19749 21551 20777 21550 21545 19760 16424 12572 19268 19271 19270 20041 20553 22349 21584 21837 20815 22868 26729 26214 24674 24671 
12064 8206 9229 11527 9735 11287 10501 11021 9754 7195 16718 16982 17737 18006 18782 19554 20576 19554 19555 21355 26755 26494 25213 24454 23936 23690 22911 19556 9009 23386 21323 21048 19767 19009 
8534 2121 5709 5450 5962 4938 2122 5702 4412 5165 16968 20811 18504 20554 21582 23378 23376 24140 23886 26711 31844 -32414 -32418 -30112 -30368 -31396 -31648 26965 15158 20327 18272 15457 14687 13402 13912 13399 12375 12120 11859 13651 21662 -7210 -13882 
23605 20785 20780 20272 19760 19501 19759 19245 16932 15399 20030 20030 19774 19519 19778 20295 19783 19526 20040 21842 25443 25444 23391 24157 
15376 15374 13098 13590 13855 13612 12570 13851 11812 12818 15664 15164 15669 15422 16187 16192 15437 16454 16717 20307 23148 23153 22894 22124 22637 22386 22390 23403 16714 18499 14642 14636 13866 14126 14628 13870 14129 13858 13345 13355 21564 -11293 -15922 -11822 -10275 -1801 
3686 6497 11618 4958 6238 5980 7519 7006 12377 4696 10839 12885 11861 12366 8524 10049 15432 11597 15180 15946 21596 22876 23128 23130 23127 21593 26204 23654 17486 12888 10322 8781 8524 11083 7750 9801 8264 5958 6470 9030 11645 -9252 -12594 -12835 -8738 -2313 
27458 26948 27456 25920 25916 26430 26947 26692 25410 24899 23868 23097 23094 21044 20275 16681 18992 20025 20276 20027 22081 22335 21570 
17181 16954 16933 16686 14880 15132 17173 17178 17701 17427 15140 14119 13846 13600 13335 9754 11798 13067 12068 12581 13612 12334 13111 14388 14389 14636 12836 16168 15662 15118 11279 11529 11280 11288 11289 10542 9740 11012 10759 10767 10007 -12841 -14396 -15156 -10525 -6163 
10098 14701 8815 10599 4710 8034 8297 7787 8810 4969 7267 8546 5727 8796 5976 6735 4430 2390 9043 7252 7252 7764 10321 8529 11347 7246 3153 7510 6995 3659 3405 1359 3149 2123 4939 5704 2627 580 2113 5181 4168 -13609 -13608 -14640 -7205 -5909 
29506 27965 27707 25401 24888 23865 25657 25663 26943 26434 25660 25917 24632 24630 23096 21807 20527 22572 21291 21806 21806 21292 21292 
17210 15928 14634 14101 14129 13857 14879 15136 14883 16416 15649 15647 14630 13847 13344 12570 11801 11795 11033 11298 12050 11537 12055 12305 11811 12058 10263 11304 11020 10505 10763 10507 11034 12039 10253 11016 9490 9987 8962 11016 6926 -15672 -13106 -14907 -10780 -7713 
11120 13164 12906 6241 14172 9304 9565 9055 10085 10081 11106 7780 14177 4697 7770 5718 6993 4180 3920 5461 5206 5716 3411 5973 8277 5204 6741 8786 4690 1875 1617 2899 8018 2388 2898 1360 5706 1864 587 3145 2356 -14135 -12586 -13870 -7710 -8724 
28737 27715 27454 25915 23867 24373 24378 24122 25656 25147 24890 24889 24376 20780 21801 22062 21294 22061 20527 21807 21036 21550 21300 
15636 16937 16185 16173 15658 14625 15417 15919 15410 14892 13871 13594 13854 7444 10026 11539 12055 11537 12305 12055 11296 12064 13064 12835 13591 13341 12824 11295 11540 13061 12294 11530 11019 11021 10507 10512 10247 8714 8706 9232 5381 -15940 -14641 -13873 -8230 -11564 
4457 9320 12392 10857 11622 8295 11879 12899 11615 9827 9823 6752 7514 2110 7496 4946 6743 6742 5972 6999 8535 7765 6744 12379 5718 8536 6743 9815 6488 2134 2901 3924 1878 5205 2385 1871 1614 2379 2122 1356 836 -20029 -12082 -12583 -9495 -12324 
25402 25404 25144 26428 26174 26427 25914 25147 23864 24376 23345 23091 21553 14612 16422 20013 21810 22321 22321 22575 22320 22575 23346 24629 
13340 14612 13599 14860 14372 13851 14622 14630 12830 12830 11545 12048 11789 5637 8985 10003 12046 12064 12827 12318 12330 12060 12829 13863 14107 12580 12326 11812 11054 12557 11795 11027 9241 10269 10009 11793 8971 8976 8461 8451 5900 -19059 -14895 -12844 -9261 -12595 
7508 4949 5719 1886 8029 7775 6238 8026 6734 7505 4943 3149 2631 1342 5686 4929 1608 6224 7764 9299 8532 8792 6744 8285 6489 7004 10076 8533 9047 2648 5716 3921 7762 3922 6482 5196 4942 6731 5196 2373 5450 30395 -12851 -11557 -9245 -12072 
19759 20784 20786 22579 22326 22577 22578 21300 15639 16924 16932 17185 15396 14362 12572 14622 15906 17958 19753 20010 19754 20779 21293 22321 21556 21807 22063 20781 21034 
12316 12040 12309 12821 13841 12815 12046 12563 3343 4370 6670 7183 7430 6926 5664 7693 7962 7957 9499 9746 10272 10535 11036 12064 12322 11549 10787 10794 10282 10510 10778 10776 10259 9234 8212 9482 8205 8204 8463 7693 7434 -27539 -13611 -14129 -9757 -12842 
6731 3408 8265 5972 3667 5200 5968 4685 2074 2848 3879 4140 2094 2861 7979 2608 7721 6454 5949 4412 5180 9537 9284 8261 10310 8776 9798 8772 9801 5447 8776 8263 5701 6982 5442 2370 4160 1856 1344 2110 2372 21396 -10791 -11818 -8479 -11050 
20019 21045 19252 22068 21045 21554 20273 19505 3589 4618 7698 8214 10002 10776 10263 11549 9757 12315 13600 13855 13603 14116 15141 15145 15143 16167 15653 15654 16933 15916 16682 16168 16163 15907 15650 14617 13838 13329 13844 14101 15383 31331 -9519 -12094 -6694 -10295 
13858 14120 13089 13589 13328 13333 12823 12568 772 2052 4355 5136 4628 6406 6160 7176 7437 6427 8209 7193 8215 8736 8746 9765 8987 9000 9008 9245 9518 11288 10795 10035 9244 9766 11303 7184 2332 3085 3843 3842 4865 17184 -11303 -16947 -9770 -13361 
8788 11095 6995 8025 3925 5203 8782 9288 774 1033 789 3607 4381 2338 3615 3877 3110 7209 3882 7470 4653 7724 12337 10291 5168 10033 9780 4914 10804 6959 12853 13107 7991 14138 15177 10811 5419 5145 288 1308 549 3909 -11809 -13885 -11294 -11052 
22584 22836 21298 22841 22577 21041 20531 16942 1540 2312 4877 6929 6420 7959 7193 7961 9758 10266 9763 11035 11805 11294 12061 12833 11298 11811 12324 11554 12324 12329 13352 12329 13353 18232 22091 22353 15668 8734 6672 4106 6153 11540 -8240 -17232 -8234 -11318 
14355 13096 13085 14100 12821 12051 13618 10263 1284 2055 3080 4106 4882 4872 6159 5913 7446 6943 7696 7455 7452 6161 6427 7970 8224 8488 9499 8483 8479 10004 10028 10541 11053 18503 23883 27505 21066 16952 11038 5399 3349 3596 -12089 -20543 -10538 -13354 
5469 12378 7253 5976 5455 3666 8784 4659 1031 1546 2067 3871 4123 2335 5405 7194 7198 7716 2600 7464 4905 5163 5421 9007 9770 9004 7209 7977 7725 7727 10031 11823 10801 20314 20590 31620 26739 23131 18505 11570 12581 3349 -18478 -13637 -10532 -10795 
23607 23093 22327 22328 18733 21296 20277 10778 2057 2568 4620 6161 7961 8216 7450 7447 7454 8220 9755 10008 9754 9756 10008 11295 10526 11545 10016 11037 11807 11046 11815 11301 12323 24920 29545 -28035 -29832 31600 28517 23896 19009 7199 -14139 -16190 -8747 -10801 
14883 13623 14619 14108 10520 13089 12578 5394 2322 2819 3856 6178 8211 7711 8491 7978 7981 7726 8221 6951 7710 8223 6441 8240 8494 6702 7723 6951 7464 9267 10038 9272 8227 22876 25948 29800 30318 31607 31614 30843 23120 16439 -18289 -14897 -11051 -13097 
9564 10331 4693 5972 4420 9552 9024 3869 5899 1039 8465 10273 9767 11559 13607 13095 14118 15394 11042 10021 10279 10535 12843 13100 13352 13867 12329 12588 13097 15659 17199 17967 14897 23396 23670 25474 25483 28561 31634 -30065 25210 24676 30389 -11574 -11815 -10026 
23097 22586 21302 19756 17192 18994 13349 6935 3084 5395 7200 10538 11307 11313 11567 11310 11311 10795 10796 11054 11309 11307 12331 12590 12077 12078 11820 11817 11047 12332 13362 13871 13866 24146 30052 30555 30802 -30362 -27781 -25719 -29052 32622 -21865 -12597 -10544 -10807 
13112 14116 12831 10018 10515 11287 8221 6161 3594 6411 10550 12865 12868 13894 13896 14653 14153 13643 13123 13894 14651 13634 13634 14657 14138 14655 13882 13642 12867 13652 16473 17243 14935 21860 25691 20307 14907 20811 24662 31346 31600 31094 -30868 -11813 -13616 -13612 
12366 10062 5704 6712 4927 4409 6947 5914 3855 4381 16684 20787 19257 21047 20792 17974 19766 19510 19254 20025 17465 19258 20282 19770 18750 19516 21047 20794 19003 23873 25418 27720 26698 
17180 18730 15904 11801 14626 11800 8214 6418 4879 8228 12337 14136 16184 15420 16446 14916 15425 15941 15428 16709 16453 16194 16196 16454 17223 17222 16197 17223 17476 19018 21849 21079 21336 23900 26468 24908 23874 23624 24900 27206 32344 -31132 
5659 10039 4626 4614 7432 4621 5148 4117 3339 9504 13641 14424 14670 15705 15962 17752 17493 17749 18519 19290 19027 18264 18781 19291 19806 19284 19556 19290 19035 20328 25728 25476 24696 24708 24676 17739 19008 19768 
4394 14410 4138 800 1579 2339 9244 4373 5908 11818 20022 21302 19778 20032 22852 21571 22083 22602 22853 24135 23625 22854 24903 24907 27724 22862 26187 24138 25420 27987 -31387 -31137 32095 
7180 18479 7690 7440 9237 7699 6419 6162 6671 12076 14134 14135 16189 16449 16449 17987 17991 19268 17993 18254 19275 18764 19276 20045 19534 20816 20046 19536 20047 22102 25446 24937 24933 24423 24666 
2312 12826 2823 4355 4870 5390 4894 5139 5941 12867 13911 14926 15953 16728 17499 18019 18781 18523 19549 20310 19555 19284 19544 19811 20075 20580 20330 20573 20325 22385 26256 26508 25733 26499 23154 18264 
2066 2359 1297 533 1051 2583 6938 4633 15653 18998 21820 20286 21568 24901 23619 25163 24395 24395 24905 21832 22604 23374 23628 26189 26192 26194 26193 23886 26192 29785 -30108 -30875 
4361 10530 3597 4624 7185 5141 6675 6424 11051 14648 15421 16188 16960 18756 17480 19532 19789 19533 19790 19281 19022 20300 20049 20046 21072 21073 21327 20304 21074 23647 26982 26472 25701 26470 23905 
2570 4866 2821 3587 4101 4878 4900 7705 12873 14672 16720 15948 16723 18522 19039 20060 20315 20323 20325 20840 20579 19812 21098 20334 20842 21351 20580 20823 21611 25214 26503 26761 26499 26240 
3085 532 3340 1551 2331 4373 8728 8995 20535 20539 19768 17724 21828 22348 24394 23375 23632 25425 25939 26961 25680 26449 27216 28240 28500 26451 25684 25426 29014 -32158 -30614 
3082 4363 2568 3087 6668 5905 6167 11051 15162 15675 15170 14912 17735 19784 19791 20817 21075 21074 21841 21330 20817 21073 20565 20560 21586 21332 22098 21330 22872 25962 26729 26218 25963 25959 24936 
3086 2822 2056 3843 4622 4890 7195 12597 14925 14928 16727 16724 18774 18776 20578 20580 21352 21608 21096 21099 21350 21620 22891 21352 21104 22123 21592 21361 23678 27528 27525 27528 27530 
4107 4107 778 1037 5148 8222 10016 16947 19006 21059 21826 23104 21319 22607 26963 27220 26963 26708 26710 29015 26963 32598 30549 29010 31319 29781 24917 29784 -32417 -29591 
3346 3598 3087 4116 7966 8990 9771 14388 15931 17213 17217 17728 18759 20557 21585 22098 21589 22612 22355 22611 21846 22876 23136 22361 23383 23130 22363 23642 25450 27244 26990 26732 
5409 5153 5135 6931 8999 9528 12091 13895 15687 16210 16722 16730 17997 19800 21096 22120 22379 21863 21599 21878 22641 24708 25993 24715 24197 24706 25217 25467 28550 28561 28811 27788 27527 
10774 9750 6167 8727 14118 16939 16687 17210 19006 21312 22593 22857 20811 22612 26449 25685 27995 26201 23895 29784 30299 -30618 -28315 -28063 -29851 -30363 -30109 -32411 
7194 7195 7198 7718 11563 12335 13107 15159 15934 16446 16454 19012 20037 21837 21330 22358 23640 22358 22102 22617 24155 27501 27504 26990 27501 27243 26731 27247 27763 28274 27761 28779 
7208 7474 8495 10550 11590 13389 13898 14657 15953 15962 18015 17756 18265 19808 21611 22118 22896 22121 22389 23165 24966 29329 29849 29845 29592 28570 28567 29324 29847 29840 29068 27532 28304 
9248 12323 13349 14633 17968 19511 19513 19005 20547 23110 23624 24653 23630 25942 28756 27992 29528 27994 29273 -32674 -29592 -26508 -25741 -26251 -26252 -24975 -25487 
8734 9506 10279 11054 12596 14389 15930 16445 17728 18496 18757 19529 20039 22351 21077 21846 22615 23124 22871 25439 28527 30583 30329 30842 30584 29560 29813 29560 29302 29557 
7978 8753 11071 12351 13384 14156 15183 16216 17238 18018 18523 19302 19298 20841 22136 21875 22650 21623 22383 25992 30358 31138 31133 31136 31640 31389 30623 30869 30612 30362 29331 
11045 11557 17193 17452 18998 19003 20032 22855 22346 25933 23374 27725 25940 27227 29786 30299 30555 30554 28760 -29587 -25481 -23685 -25992 -24454 -25991 
9508 10277 11308 12340 14389 15929 16699 18753 19524 20041 20044 19790 21840 23379 23639 23897 23643 23388 24414 29297 31615 32381 31355 31865 31355 31098 30329 30070 29301 
9259 10289 11844 13389 14413 14660 16204 17242 18012 19039 20054 20329 20587 21359 22124 22902 23667 23669 24433 30344 -31578 -32346 32674 32418 32164 31901 31394 30363 30110 30354 
11816 13356 17201 20536 20285 18752 21319 23372 23883 23121 21839 25937 27989 29275 27228 30555 30299 30045 29280 -29830 -22145 -23423 -23936 -23171 -22401 
10279 11822 13105 14648 16188 16954 18499 19525 19531 21323 20814 21585 21843 23381 23895 23641 23899 24412 24671 31869 32645 -32637 32128 32386 -32385 32640 32381 31356 
10544 12597 13893 15187 15701 15440 17751 18271 20061 19800 20315 20838 21868 22126 22638 23164 23417 23673 24437 32403 -31578 -31837 -32601 -31837 32678 32671 32420 31907 32169 
12068 14897 18232 21056 22085 21318 21580 24399 24658 23636 23122 26708 28759 27484 29024 32349 31070 31839 30563 -26500 -22912 -23423 -21378 -23423 -22655 
9771 13363 15419 17472 18496 18244 20043 20813 21585 21840 21071 22099 22616 23640 24923 23644 23902 24156 25184 32128 -32124 -32122 -32638 -32381 -32638 -32640 
11062 12870 15430 17236 16981 18519 20049 20576 21091 21092 21082 21612 22646 22633 23920 23676 24183 23931 24954 32669 -31577 -30808 -32081 -31833 -31831 -32342 
15407 18745 17729 22090 22088 22599 20559 24917 25686 26455 24404 27480 29788 27997 27741 31838 29535 30816 31586 -24959 -22139 -22141 -21630 -22400 
12329 15153 17468 19271 18758 18761 20817 22101 22358 22355 22356 23128 23641 24412 23904 24157 24414 25182 25186 -32126 -31354 -32120 -31868 -32124 -32380 
10307 12877 15947 18265 18011 18521 21075 22115 22114 21611 21857 22378 22897 23669 24684 23931 24178 24182 25214 -32094 -30797 -30549 -31583 -31318 -31574 -32340 
17457 20028 20296 22861 24654 23631 22100 25945 24411 26456 24923 27482 29277 30558 29021 31070 31327 32352 -32157 -23933 -19067 -21117 -24956 
12842 15668 19267 20042 20296 20554 21586 22869 23638 22871 23895 22614 23639 23643 24416 24412 24414 24927 25954 -32126 -31351 -31609 -31867 -31357 -31353 
11334 13641 17485 18771 18526 19551 21086 21865 22366 22368 22371 22128 22389 23411 24948 23672 24186 24447 25222 -31325 -30288 -30801 -31062 -31569 -30803 
17972 18751 20303 20561 23633 24658 25174 27736 26201 26712 25948 30297 30044 29021 30048 30561 30049 31074 -31639 -22911 -20345 -20345 -20346 
13872 16697 20549 20810 21065 21326 22612 22873 23130 22870 23383 23384 23898 24413 24671 24925 25438 24929 26980 -31866 -30583 -30586 -30841 -31353 
12611 15435 18261 19280 19036 20581 21856 23150 23147 21869 22118 22650 23410 23923 24438 24438 24180 25210 26241 -31062 -30030 -30797 -30281 -30538 -30795 
17209 16964 22095 20818 23633 26708 25176 28505 26714 26458 25436 29533 28765 29023 30050 30564 30564 32100 -32406 -21626 -19574 -19064 -18295 
15158 17983 20298 21068 20813 21585 22869 23129 23129 23126 23640 23642 24158 24415 25184 25952 25697 25954 27495 -31099 -30324 -30582 -29814 -31351 
14406 16187 19290 19544 20062 20841 21875 22386 22378 22121 22885 23663 24429 24685 25205 25212 24956 24963 26755 -30805 -29259 -29512 -30028 -30281 -30801 
19518 18761 23887 24660 24145 27221 30300 28764 27483 27994 27226 29532 28258 28001 30562 -32413 32101 -31898 -32402 -21369 -19063 -17783 -20341 
16185 19009 20298 21069 20817 22355 23636 23894 23382 22870 23130 23387 25950 25183 25186 25699 25953 26210 28266 -30837 -30065 -30067 -30070 -30582 
14675 16983 19294 19812 20830 21353 21358 22373 22125 21879 22898 23422 24179 24434 25211 25220 24957 25475 27523 -29778 -28495 -29254 -30031 -30028 
21825 22860 23886 25424 24657 26455 26971 25693 27992 30556 29020 32345 29797 30051 31843 32615 32100 -31643 -31125 -20854 -19318 -18037 -19061 
17211 20037 20045 20558 21329 22099 23380 23895 22615 23894 24151 22874 25439 25694 26209 26466 25698 25955 27755 -29814 -29806 -29555 -29556 
15446 18011 20062 20066 20578 21095 22120 22377 22896 22639 22631 23414 24436 24184 24697 25211 25726 25472 27531 -30033 -27972 -29511 -29511 -29514 
21831 23375 24145 25681 25684 27477 26971 27741 29786 27484 26460 29275 29793 31076 31080 31333 -32667 31845 -30098 -19828 -16244 -17782 -17782 
18236 20553 21326 21071 21839 22097 23382 23894 23385 23641 23640 23387 25183 25695 26209 25700 25699 26211 28780 -29300 -29296 -30066 -30066 
15441 19033 20058 20327 20329 21362 22123 22383 22644 22631 22892 23151 24183 24704 24958 25724 25472 25467 28298 -28744 -28221 -28738 -28998 -29258 
19528 22097 23124 26708 27222 29016 26970 28253 29274 26205 28507 28253 30562 -32157 -32156 31843 -32666 31847 -29582 -17266 -14961 -16756 -18292 
18496 21322 21581 21838 22096 22869 22870 23895 23129 24151 23642 23897 25180 25441 25953 25955 26723 26469 29554 -28524 -28270 -29039 -29297 
16968 19030 20063 20068 20840 22119 22369 22378 22895 22377 23150 23151 23415 24961 24965 25211 25215 25981 29326 -27456 -27961 -28221 -28230 
18762 22871 25428 25177 25688 25179 24409 26973 27994 28000 27485 28765 30564 32612 -31898 31845 -32153 31848 -29324 -16494 -14188 -14446 -15728 
19270 22092 21585 22608 22610 23384 23128 23897 23385 24407 23897 24154 25947 25953 26208 25953 26467 26724 30066 -28010 -27243 -27500 -28012 
18253 19550 20832 20833 21345 22626 22882 22886 22634 22648 23149 23155 23418 24956 24959 25214 25480 25723 29325 -26177 -26426 -26933 -26936 
20044 23635 23381 24405 24665 25691 25437 26204 26718 31837 29533 29792 31588 32101 32358 32615 -30616 31592 -29321 -16235 -14954 -13674 -14957 
19782 21580 21841 21842 22868 23128 23897 23640 24663 23641 23643 24667 25437 25442 26212 26978 26724 26725 30837 -26726 -26982 -26983 -27752 
18001 19290 20564 20827 21857 22889 23140 22892 22117 23159 23665 23413 24443 25214 25982 25214 25732 26237 30864 -25919 -25918 -26170 -26429 
21583 23125 21847 22872 24921 27227 25435 27995 25950 29789 28252 30559 31330 32609 32358 32362 -31898 32617 -27526 -15975 -15465 -14954 -15468 
20552 21837 22097 22353 22870 23129 23130 23130 23895 24155 23901 24412 25440 25184 26214 27234 25956 26981 31610 -26215 -26725 -26727 -27497 
18780 20060 20822 20831 22115 22891 23141 22890 22379 23411 23916 23925 24706 24704 26490 25474 25473 25985 31384 -26174 -25149 -26168 -26426 
24144 24148 22611 26709 26458 28507 27226 26973 28253 30303 27483 30050 -31132 32611 30822 -31385 -32412 32617 -26501 -15463 -15721 -13931 -14444 
20556 21583 21584 21841 23126 23640 23384 24408 23894 24411 23134 25694 25696 25442 26214 26213 25955 26980 31608 -26470 -26722 -27239 -27495 
19806 20574 20320 20843 21863 22389 22643 22377 22385 23416 24173 24693 24709 25467 25721 25990 25215 25725 31127 -25660 -25153 -25914 -26426 
23887 24405 25429 26711 25948 31582 30047 26975 28767 30304 27996 30309 -32413 31330 31591 -32153 32103 32106 -27012 -14950 -15723 -14441 -14955 
20046 22097 22095 22610 24150 24152 24152 24662 24664 24921 24156 25697 25697 25699 26468 26725 26978 27238 32123 -25700 -27234 -26726 -26983 
20318 20831 20327 21092 22117 22647 22642 22382 23151 23148 23402 24952 25213 25211 25982 25981 25217 26493 31895 -25148 -24889 -25909 -26428 
24399 24661 26711 25688 25951 28254 29276 28770 28256 27229 28001 31076 31845 32103 32616 31594 -31381 31594 -26755 -15462 -14185 -12905 -14954 
20304 21841 21840 22611 24151 23897 23642 24921 24156 23898 24923 25442 26210 26722 26724 27748 27234 26728 32127 -25955 -26466 -26980 -26984 
20574 20836 20586 21604 22630 22890 23410 23153 23662 23407 23414 25210 24954 25215 25727 25980 25480 26749 32664 -25151 -25144 -25139 -26427 
23631 25683 27220 25689 26461 28765 29020 28508 28251 29532 31072 31587 31589 32617 32615 32365 -31127 -32665 -25731 -16231 -14694 -13416 -15207 
20562 21328 21586 22869 23897 23385 23645 23388 23388 23900 24410 25185 25954 26979 26468 27749 26980 26473 32129 -26211 -25700 -26210 -26214 
21073 20574 21351 22118 22889 22900 24174 23656 23663 23671 23418 24701 25215 25729 25732 25729 25990 27266 -32611 -25150 -25403 -24888 -25918 
20304 23379 26199 26457 27229 29019 27229 25436 28767 30560 31072 31845 32614 32616 -31641 -32148 -31129 -32152 -24961 -14951 -14692 -14183 -15465 
20561 21072 22867 22870 24154 23642 24157 23900 24412 24669 24669 25954 26210 26725 26725 27749 26216 26217 -32379 -25955 -25189 -26211 -26725 
20312 20834 21098 22381 23149 23403 23911 23647 23410 23927 24181 25208 25209 25978 26238 25981 26751 27265 -31072 -25399 -25658 -24886 -25399 
23377 25683 27225 29019 27999 26972 26719 26206 29278 30558 30559 31331 30821 30822 31847 31339 31589 -32411 -23931 -13924 -15201 -13672 -13673 
20816 21584 22608 23384 24411 23645 24413 24413 24154 24413 24415 25189 25443 26212 25959 27238 25958 26217 -30840 -25445 -24932 -26722 -26724 
20571 20574 20581 22641 23401 23655 23911 23660 23152 23927 24192 25729 25470 25726 26751 26492 26237 27012 -31066 -25141 -25150 -24630 -25144 
23123 22869 24918 27993 25949 26204 25951 28001 27743 29795 -32670 -32412 -32667 -32151 -31897 32363 32615 -30872 -22136 -13156 -15204 -13419 -14185 
21583 21839 22095 22871 23642 23644 24412 24923 24412 25435 25182 26209 26209 27236 27239 27752 26726 26984 -30329 -25187 -25698 -27231 -26466 
20061 20318 20577 22375 23137 23399 23400 23404 23912 23150 23935 24703 24956 25473 26497 26748 26239 26246 -30806 -25139 -24634 -24371 -24633 
24404 25686 24920 25690 24922 27229 27997 27231 26718 28512 32609 32356 31334 -32408 32619 31340 31849 -31639 -22392 -13410 -14438 -13413 -14182 
21328 22097 23123 23385 23387 24152 23899 24411 23902 24156 24670 25441 25954 26212 26727 27496 26981 27235 -30840 -25187 -25953 -25699 -25954 
20579 20837 21599 23394 23400 22895 23411 23143 24428 23923 24447 25216 25468 25729 26495 26747 26239 25732 -30554 -24632 -24633 -25397 -25143 
25682 25175 23899 25693 28253 29022 29277 26721 28252 30045 32608 -32670 32101 -32411 32613 31849 -31641 -31382 -22904 -14694 -14440 -13672 -13927 
21327 22353 22869 23898 23900 24153 23900 24665 23390 24413 24930 25187 26213 25956 25192 26216 26216 27239 -30325 -25952 -26207 -26468 -26467 
20322 20829 21853 23141 23664 23153 23659 23148 24176 23926 25212 25726 26237 25731 26751 26494 26756 26756 -29018 -24120 -24121 -25142 -25144 
24660 23382 24408 25692 26460 28508 26717 27999 29275 30816 31842 31841 31845 -31642 -32671 32613 -32155 -31894 -22389 -13157 -13670 -13927 -13926 
21840 21839 22358 23642 23643 23642 23899 24411 23647 24924 25442 24931 25702 25957 25190 25958 25960 27497 -29554 -25438 -25695 -25954 -25699 
20574 20318 22369 23139 23391 23151 23652 23410 24436 23418 24957 25467 26235 25986 25987 26241 26493 27008 -29269 -23855 -24367 -24887 -25138 
24150 24917 25431 25692 25181 29021 26461 29535 29277 30818 32101 31585 31332 -32667 -31387 -32154 31848 32620 -21107 -11876 -11620 -13926 -12645 
21840 22096 22615 23641 23899 23898 23899 24411 24413 25178 25697 25185 25956 25958 26214 26725 26982 27753 -29300 -25439 -25185 -26209 -25699 
20319 20580 22118 22887 23401 23159 23406 23411 23660 22896 24957 24699 25724 25984 26506 25474 25982 26750 -29522 -24627 -24626 -24632 -25144 
24405 25943 26970 26972 27741 30299 28765 29279 27486 28513 31842 31844 32360 -32411 -29080 -32150 -32661 -32402 -20851 -13155 -12898 -14184 -14438 
21840 22355 23638 23897 23900 23129 23641 24412 24155 24922 24673 25955 26980 26213 26727 27234 27751 28518 -28790 -25183 -24672 -26464 -25954 
20832 21863 22381 23149 23663 22899 22898 23918 23150 23412 24958 25718 25986 25985 26254 25474 26503 26246 -29522 -23858 -24628 -24375 -24882 
24661 27479 28767 28764 28511 28507 29278 27998 29277 31072 32096 29287 -31639 -32665 -30104 -31895 -29588 -30864 -20846 -12386 -12897 -13669 -11619 
21331 22102 23897 23387 24413 23386 24408 23900 23642 24412 24929 26469 26726 26725 26726 26725 27494 28775 -27762 -24669 -24417 -25183 -24930 
21345 22127 22900 23669 24174 23145 22640 23661 23417 23931 24954 25713 25987 25982 26241 25987 26257 26507 -28496 -23347 -24630 -24120 -25136 
24658 28502 30041 30042 28509 26972 28257 28765 31579 31583 30819 29541 32615 31849 32360 -32665 -28568 -29584 -20075 -13153 -14177 -14178 -12897 
21330 22102 22616 23132 23647 23899 25431 23900 23644 24414 25696 25441 26468 26982 26470 26213 26471 29034 -26993 -24668 -24927 -24926 -25188 
20833 21869 22641 23920 24435 23411 22632 23661 23928 24180 24697 24950 25466 25979 26234 25980 26762 27533 -29006 -23346 -23869 -23865 -25398 
25173 27735 28761 28765 30045 30046 25955 27231 29791 28511 31331 30306 31080 32104 31590 31843 -30872 -29584 -19819 -12898 -15715 -14434 -13924 
22097 22612 23129 24156 24157 24410 25177 24666 24154 24413 25441 25186 26466 26469 26214 25189 26981 28779 -27251 -24924 -25437 -24671 -25698 
20583 21613 23150 23667 23672 22894 22628 23144 23151 23918 24957 25463 25212 25987 25986 25987 25730 27270 -28753 -23349 -23613 -24119 -24887 
26966 27992 27995 30047 30559 26719 26208 26721 28511 28768 31843 30820 32102 -31388 -31899 -31132 -32407 -32143 -21101 -13666 -14947 -13666 -13670 
22096 22869 23386 24410 24154 24409 24664 25176 24666 24669 25186 25700 26211 25445 26213 25957 26722 29034 -27757 -24668 -25181 -25437 -25953 
20330 21867 22891 23155 22901 22634 22631 22378 23152 23667 25467 26235 25214 25732 25731 25990 25474 27266 -27475 -23352 -23863 -23603 -24630 
27479 27225 26971 28767 29789 28254 26208 27745 29536 29537 32096 32100 32614 -31644 -32154 -31129 -31896 -31885 -20331 -14176 -13155 -12647 -13927 
22096 22869 23384 23897 23897 23897 24663 24663 24921 24924 24675 25702 26209 25697 26212 26213 26723 30059 -27243 -24414 -25440 -26464 -26209 
21096 22122 22640 23149 22896 22895 22373 22389 22903 23665 25472 25984 24704 24964 25475 25992 25478 27780 -27213 -24116 -24369 -24624 -24889 
26454 27736 30042 27995 27482 26204 26462 30559 30304 29025 32608 32612 32615 -31900 -31643 -30106 -31385 -31114 -19306 -12129 -11876 -12391 -14183 
22356 22615 23128 23386 23386 23643 23899 24153 24410 24413 24675 25700 26466 25954 25953 26211 26468 30318 -26986 -24926 -25440 -25954 -25955 
21861 22380 22645 23149 22888 23392 23659 23161 23410 24178 25720 25977 25721 25469 24962 25228 25731 28295 -27211 -23853 -24365 -24881 -25141 
25943 28249 29787 27483 26203 24924 27742 30558 29278 29534 30048 30819 30822 31334 -32666 -29593 -32152 -31371 -19052 -11617 -11620 -12645 -12900 
22357 23127 23639 23642 23384 23644 24412 24153 24154 24158 24676 25700 26212 26468 26467 26721 26980 30063 -27755 -24670 -25182 -25697 -25698 
21860 22382 22384 23143 22627 23656 23661 22898 23155 24180 25462 25722 25725 25466 25729 25227 25470 28546 -26955 -23858 -23602 -24374 -24886 
25688 28251 27997 26204 25179 27740 27999 28767 29790 30048 30817 31589 -32409 32357 -32153 -30360 31849 -32651 -19308 -12896 -12642 -13925 -13670 
22614 23383 23895 23386 23385 23900 24155 24409 24411 24927 25186 25956 26468 25956 26213 26467 27235 30063 -27500 -24415 -24925 -25695 -25953 
22117 22385 22631 23140 22884 23662 23404 22897 23413 24434 24955 25981 25730 25729 25986 25734 25465 28543 -27468 -24113 -23854 -24118 -24626 
26199 29274 25948 25691 26203 27997 27998 29023 30048 28770 31586 31846 32615 32613 -32414 -31387 31336 32628 -19564 -12384 -11363 -13156 -12389 
22101 22872 23384 23386 23386 24155 24154 24409 24668 25695 25184 26213 26468 25957 25189 25700 26724 29808 -27244 -24415 -25182 -25183 -25441 
21863 22641 22628 23142 23145 23405 23149 22897 23925 24176 24954 25979 25721 25980 25982 25987 25726 28800 -27469 -23859 -23597 -24116 -24626 
26455 28762 26201 26714 27996 28254 27998 29023 30304 29030 30816 31589 30566 31333 32353 -31899 -32408 -32139 -19563 -13152 -11875 -13155 -13155 
22870 23383 22872 22874 23642 24156 24154 24409 24669 26462 24674 25957 25957 25701 25190 25959 26725 30066 -26985 -24413 -25181 -25183 -25186 
22376 22381 22886 23404 23153 23666 23148 23152 23928 24177 24948 25727 25977 26233 26239 26756 26244 29827 -26189 -23348 -23602 -24118 -25143 
26714 27486 25946 27993 29276 29277 27741 28511 30816 29286 29792 -32667 31334 31075 -32669 -31387 -31642 -31881 -19306 -13410 -12899 -14179 -13668 
23127 24152 23130 22876 23898 23900 23643 24411 24412 25951 24929 25956 26468 25702 25447 25960 25702 30581 -26981 -24924 -25182 -25183 -25443 
22376 22887 23139 23661 23410 23665 23660 23663 23924 24690 24950 25728 25722 26231 26496 26753 26498 30085 -25676 -23093 -23860 -24377 -24884 
26969 26203 25690 28250 29276 28509 27996 28509 29278 29282 31073 32613 31337 30052 32612 32356 32609 -30856 -19050 -13410 -13409 -14691 -13412 
22614 23129 23131 23131 23898 23899 23900 23644 23901 24928 25185 25956 26979 25702 25704 25704 24680 30837 -26982 -24923 -24157 -24928 -25441 
22379 23142 23656 23409 22899 23407 23663 23663 24177 24948 24956 25983 25467 26224 26748 26486 26491 30089 -25930 -22838 -23349 -24380 -24631 
26969 26203 27739 29275 29533 28254 28765 28507 29277 30049 31841 -32412 32358 29028 31844 29798 31586 -30088 -18536 -13665 -13408 -15714 -14181 
22871 23386 23643 23130 23897 24411 24156 23389 24414 25185 25186 25701 26212 25702 25960 26471 25446 30839 -26470 -24667 -24411 -25439 -25953 
22371 23142 23152 23156 22897 23407 23409 23919 23925 24951 25211 25990 25987 26486 26751 26230 25980 30604 -25930 -23092 -23093 -23868 -24632 
24410 26461 29021 30042 28766 28512 29024 28510 30048 30563 31331 -30875 -31898 30565 32614 30569 32102 -29320 -19303 -12897 -13152 -14948 -13928 
23384 24154 23898 23130 24410 24667 24667 24413 24669 25696 25699 25956 26213 26215 26472 27238 26469 31097 -25957 -24667 -24411 -25695 -26464 
22622 23145 23155 23158 23152 23663 23405 23664 23925 24694 25209 25476 25984 26743 26749 26231 25981 30863 -25419 -23090 -23091 -24376 -24372 
24411 27230 29789 30299 29278 28510 27742 28510 30048 30306 31076 -32411 32357 30054 31848 30570 32105 -28550 -19045 -12897 -12895 -14182 -12904 
23641 23898 23899 23642 24154 23901 23644 23900 24669 24928 25441 25955 25957 25704 26728 27238 26981 31608 -25699 -24667 -24156 -25953 -26209 
22885 23146 23411 23160 23159 23921 23659 23663 23926 24953 24955 25728 26235 26485 26748 26232 26237 31121 -24903 -23348 -23349 -24632 -24630 
26717 27229 29532 30813 31071 29020 27227 28252 30048 31583 32098 -32667 31075 30307 31846 31335 32359 -28037 -17765 -13665 -13664 -14182 -13928 
23898 23898 23643 23898 24666 23645 23388 23388 24668 24673 25186 25958 25190 25190 25959 26214 26471 31867 -25699 -24669 -24413 -25697 -26465 
23150 23145 23408 22901 22904 23921 23400 23660 23667 24957 25472 26497 26233 25980 26497 26240 26496 31636 -25157 -23608 -23865 -24376 -24630 
29022 26717 28508 29790 30305 28765 26460 27227 29023 31843 -32668 -32411 31075 32100 -32155 -31900 -32667 -27523 -17253 -14177 -14945 -13924 -13671 
24152 23897 23643 24152 24922 24157 23899 23388 24414 25953 25956 25960 25701 25957 25958 25446 25959 32124 -25699 -24926 -24671 -25440 -26210 
22645 22888 23406 22640 23411 23920 23398 23655 24171 24952 25726 26496 25723 25981 26241 25987 26241 31894 -25156 -23865 -24378 -24374 -24884 
30302 27229 28252 28254 29023 29022 26206 26204 26976 30308 32356 -32668 31845 32102 -32667 -32414 -32412 -26755 -16998 -13922 -14433 -13411 -12902 
24151 23897 23642 24408 24412 24414 24156 23901 24672 25442 25699 25703 25956 26213 25957 25445 25701 31867 -25700 -24926 -24673 -25185 -25954 
22390 22895 23151 22890 23662 24179 23914 23657 24683 25464 25471 26497 25725 25982 25982 25727 25984 32664 -25410 -23861 -24630 -24628 -24885 
30301 29533 28510 26975 27999 30046 27741 27486 28255 31074 -32669 -32157 32357 32358 32102 32614 32356 -25985 -16484 -13409 -13665 -13155 -13412 
23896 23642 24153 24409 24157 23902 23902 24667 24416 25187 25187 25446 26212 26212 26213 26212 25701 32639 -25443 -24669 -24672 -25186 -25442 
22646 23160 22896 23146 23663 24183 24175 23663 24690 25211 25473 26243 25727 25726 26237 25985 25979 -32610 -24898 -23352 -24373 -24883 -25143 
30556 31324 29278 27999 29021 30555 28509 29025 29536 31330 32612 -32156 32615 32614 32102 -32154 31332 -24447 -16997 -14688 -13152 -12644 -14180 
23385 23385 23897 24154 23899 23390 23901 25180 24672 25185 25956 25958 26724 26211 25959 25958 25959 -32382 -25697 -24668 -24671 -25442 -25443 
22903 22907 22900 22899 23156 23925 23662 23667 24949 24696 25723 26496 25728 25474 26494 26496 26491 -32094 -24898 -23612 -24115 -24882 -25145 
30299 31066 30045 30300 30045 29787 28254 29538 30049 30307 31077 32613 -32664 -31642 32357 -32668 32102 -24191 -16486 -14946 -12642 -12645 -14438 
23130 23129 23642 23385 23898 23643 24411 24925 24928 25441 25957 25958 26468 26212 26215 25704 26216 -32382 -25956 -24927 -25184 -25698 -25956 
23153 22901 22902 22651 22901 23154 23148 23668 24695 24951 26232 26239 25985 25989 26495 26751 26751 -31839 -25408 -24120 -24368 -24881 -25402 
28250 29275 30555 32089 29789 29277 27743 29793 30819 31075 31333 -32668 -32153 -31385 32615 32612 -32663 -24704 -15718 -13922 -11874 -12389 -14439 
23129 23641 23385 22872 23898 23898 24409 24923 25440 25442 25958 25701 26470 26470 26469 25959 27240 -32636 -25957 -24926 -24415 -25699 -26213 
22890 23149 22647 22653 23153 23153 23150 23413 24441 25212 26237 25988 26497 26243 25984 26239 26751 -31842 -25662 -23605 -24112 -25138 -25655 
26715 27485 30300 31578 28764 29021 28767 30048 31077 32099 32358 -31644 -32410 -32154 -32411 32613 32619 -24959 -15461 -13154 -12640 -12900 -13415 
23640 23898 23640 23128 23643 23899 24155 24666 25695 25186 26213 25445 26215 26214 25701 25701 27496 -31866 -25445 -24925 -24671 -25443 -25957 
22628 23400 22643 22645 23660 23409 23413 23157 24441 25469 25981 25987 26238 26239 25987 25984 26751 -31074 -25660 -23602 -24116 -24886 -25395 
25180 26204 28763 29531 27227 29020 30812 30047 30564 31586 31846 -32413 32103 32357 -31645 -32668 -32662 -24699 -14947 -12130 -13153 -13925 -13157 
23642 23643 23385 23385 23133 23643 23386 24410 25438 25185 25957 25445 26469 25957 25444 25699 27496 -31098 -25188 -24926 -24927 -25698 -25701 
23134 23397 23151 23152 23913 23409 23161 22898 24181 24951 25979 25984 25724 25982 25732 25471 26753 -31328 -25146 -23853 -24372 -25145 -25653 
23644 25947 28506 28251 26970 29276 30555 28767 29795 30050 31331 -32669 32102 32357 -31644 32102 -32661 -24442 -14947 -11107 -13155 -14437 -14180 
23642 23131 22875 23387 23133 23644 23386 24410 25181 25185 25445 25188 26212 25956 25699 26209 27751 -31355 -25186 -25439 -25440 -25955 -25701 
23132 23399 23407 23404 23659 23408 22643 23148 23920 24946 25979 25728 25469 25726 25473 24952 26240 -31582 -24636 -24110 -24629 -25148 -25659 
24156 26714 28761 27738 27994 28765 29020 27487 28770 29024 31841 -32670 32103 32356 32357 30054 -32660 -23932 -15204 -11876 -13669 -15461 -15206 
23640 23131 22874 23131 23132 23899 23896 24409 24925 24674 24676 25188 26467 25700 25699 26208 27749 -31612 -25441 -25439 -25697 -25699 -26213 
22627 23403 23153 23150 23663 23153 22638 22890 23920 24946 25469 25726 25468 25469 25468 24436 25728 -31582 -24636 -24114 -24631 -25149 -25662 
25692 27738 29273 28507 28763 29022 27998 27486 29280 29790 32608 31842 31591 32100 31842 29794 -32406 -23676 -15460 -12900 -13925 -15716 -15977 
23640 23131 23129 23642 23387 24410 24152 23897 24669 24161 24674 25187 26467 25699 24931 25183 27236 -31356 -25185 -25439 -25440 -25443 -26981 
22631 23406 22643 23154 23410 22897 22636 22893 23925 24953 25216 25208 25465 25470 25215 24184 25731 -31583 -24893 -24116 -24375 -25147 -25662 
26972 28507 29531 29532 29532 29023 27230 28253 30560 31839 -32160 30820 31334 32355 -32671 31329 -31638 -24186 -15203 -13155 -13924 -14691 -15467 
23640 23642 23638 23642 23643 24665 24152 23641 24926 24417 24928 25696 26209 25442 25185 24926 26980 -31100 -25443 -25184 -25441 -25186 -27237 
22635 22894 22131 23157 23411 22640 22633 23150 24186 24705 24454 24442 24701 24958 24705 23934 25733 -31583 -25148 -24373 -24631 -24889 -25660 
